     0.4350     0.8380     0.0574         1
     0.4375     0.9131     0.0518         1
     0.4400     0.9218     0.0478         1
     0.4425     0.8803     0.0434         1
     0.4450     0.7526     0.0559         1
     0.4475     0.8138     0.0524         1
     0.4500     0.8190     0.0320         1
     0.4525     0.8337     0.0290         1
     0.4550     0.9101     0.0386         1
     0.4575     0.8391     0.0350         1
     0.4600     0.7788     0.0239         1
     0.4625     0.8687     0.0229         1
     0.4650     0.8425     0.0211         1
     0.4675     0.8802     0.0204         1
     0.4700     0.8969     0.0196         1
     0.4725     0.8684     0.0184         1
     0.4750     0.9039     0.0176         1
     0.4775     0.9261     0.0168         1
     0.4800     0.9213     0.0159         1
     0.4825     0.8908     0.0148         1
     0.4850     0.9124     0.0141         1
     0.4875     0.9170     0.0137         1
     0.4900     0.9248     0.0141         1
     0.4925     0.8866     0.0132         1
     0.4950     0.9297     0.0126         1
     0.4975     0.9549     0.0122         1
     0.5000     0.9366     0.0115         1
     0.5025     0.9450     0.0113         1
     0.5050     0.9591     0.0111         1
     0.5075     0.9816     0.0109         1
     0.5100     0.9613     0.0102         1
     0.5125     0.9683     0.0133         1
     0.5150     0.9565     0.0129         1
     0.5175     0.9696     0.0126         1
     0.5200     0.9805     0.0093         1
     0.5275     0.9991     0.0086         1
     0.5300     1.0011     0.0083         1
     0.5350     1.0174     0.0078         1
     0.5375     1.0104     0.0076         1
     0.5400     1.0272     0.0076         1
     0.5425     1.0091     0.0073         1
     0.5450     1.0264     0.0073         1
     0.5475     1.0199     0.0071         1
     0.5500     1.0331     0.0069         1
     0.5525     1.0109     0.0067         1
     0.5550     1.0275     0.0066         1
     0.5575     1.0091     0.0065         1
     0.5600     1.0336     0.0065         1
     0.5625     1.0479     0.0065         1
     0.5650     1.0266     0.0064         1
     0.5675     1.0288     0.0062         1
     0.5700     1.0530     0.0060         1
     0.5725     1.0514     0.0060         1
     0.5750     1.0588     0.0059         1
     0.5775     1.0581     0.0058         1
     0.5800     1.0645     0.0056         1
     0.5825     1.0638     0.0056         1
     0.5850     1.0643     0.0055         1
     0.5875     1.0625     0.0054         1
     0.5900     1.0708     0.0053         1
     0.5925     1.0561     0.0053         1
     0.5950     1.0952     0.0054         1
     0.5975     1.0750     0.0052         1
     0.6000     1.0677     0.0051         1
     0.6025     1.0808     0.0051         1
     0.6050     1.0801     0.0050         1
     0.6075     1.0842     0.0050         1
     0.6100     1.0711     0.0049         1
     0.6125     1.0987     0.0049         1
     0.6150     1.0990     0.0048         1
     0.6175     1.1091     0.0048         1
     0.6200     1.1094     0.0048         1
     0.6225     1.1008     0.0048         1
     0.6250     1.1104     0.0047         1
     0.6275     1.1270     0.0047         1
     0.6300     1.1261     0.0047         1
     0.6325     1.1151     0.0047         1
     0.6350     1.1003     0.0047         1
     0.6375     1.1122     0.0046         1
     0.6400     1.1187     0.0046         1
     0.6425     1.1312     0.0045         1
     0.6450     1.1190     0.0045         1
     0.6475     1.1305     0.0045         1
     0.6500     1.1370     0.0045         1
     0.6525     1.1420     0.0045         1
     0.6550     1.1315     0.0045         1
     0.6600     1.1624     0.0062         1
     0.6625     1.1662     0.0062         1
     0.6650     1.1480     0.0044         1
     0.6675     1.1556     0.0044         1
     0.6700     1.1573     0.0043         1
     0.6725     1.1707     0.0044         1
     0.6750     1.1661     0.0044         1
     0.6775     1.1708     0.0043         1
     0.6800     1.1819     0.0044         1
     0.6825     1.1815     0.0043         1
     0.6900     1.1603     0.0067         1
     0.6925     1.1962     0.0070         1
     0.6950     1.1853     0.0045         1
     0.6975     1.1711     0.0044         1
     0.7000     1.1715     0.0044         1
     0.7025     1.1851     0.0045         1
     0.7050     1.1901     0.0045         1
     0.7075     1.1663     0.0045         1
     0.7100     1.1928     0.0045         1
     0.7125     1.1968     0.0045         1
     0.7150     1.1958     0.0045         1
     0.7175     1.1889     0.0046         1
     0.7200     1.2077     0.0047         1
     0.7225     1.2421     0.0049         1
     0.7250     1.2135     0.0048         1
     0.7275     1.2215     0.0049         1
     0.7300     1.2129     0.0049         1
     0.7325     1.2360     0.0050         1
     0.7350     1.2238     0.0050         1
     0.7375     1.2486     0.0050         1
     0.7400     1.2303     0.0050         1
     0.7425     1.2412     0.0051         1
     0.7450     1.2297     0.0051         1
     0.7475     1.2263     0.0050         1
     0.7500     1.2408     0.0051         1
     0.7525     1.2281     0.0051         1
     0.7700     1.1917     0.0055         1
     0.7725     1.1858     0.0054         1
     0.7750     1.1986     0.0055         1
     0.7775     1.1983     0.0055         1
     0.7875     1.1712     0.0057         1
     0.7900     1.1478     0.0057         1
     0.7925     1.1573     0.0057         1
     0.7975     1.1499     0.0058         1
     0.8000     1.1397     0.0059         1
     0.8025     1.1350     0.0059         1
     0.8050     1.1380     0.0060         1
     0.8075     1.1605     0.0060         1
     0.8100     1.1489     0.0060         1
     0.8125     1.1352     0.0061         1
     0.8150     1.1363     0.0062         1
     0.8175     1.1498     0.0064         1
     0.8200     1.1353     0.0064         1
     0.8225     1.1664     0.0066         1
     0.8250     1.1425     0.0066         1
     0.8275     1.1387     0.0068         1
     0.8300     1.1254     0.0069         1
     0.8325     1.1223     0.0070         1
     0.8350     1.1188     0.0071         1
     0.8375     1.1273     0.0072         1
     0.8400     1.1334     0.0073         1
     0.8425     1.1401     0.0074         1
     0.8450     1.1002     0.0074         1
     0.8475     1.1055     0.0075         1
     0.8500     1.1208     0.0077         1
     0.8525     1.0961     0.0077         1
     0.8550     1.1156     0.0082         1
     0.8575     1.0680     0.0079         1
     0.8600     1.1182     0.0082         1
     0.8625     1.0900     0.0085         1
     0.8650     1.0908     0.0088         1
     0.8675     1.1149     0.0091         1
     0.8700     1.0588     0.0087         1
     0.8725     1.0854     0.0091         1
     0.8750     1.0921     0.0095         1
     0.8775     1.0600     0.0096         1
     0.8800     1.0756     0.0100         1
     0.8825     1.0856     0.0101         1
     0.8850     1.0151     0.0102         1
     0.8875     1.0353     0.0104         1
     0.8900     1.0683     0.0108         1
     0.8925     1.0826     0.0111         1
     0.8950     1.0603     0.0112         1
     0.8975     1.0196     0.0115         1
     0.9000     1.0545     0.0120         1
     0.9025     1.0583     0.0118         1
     0.9050     1.0500     0.0119         1
     0.9075     1.0999     0.0125         1
     0.9100     1.0639     0.0125         1
     0.9125     1.0401     0.0128         1
     0.9150     1.0555     0.0132         1
     0.9175     1.0745     0.0134         1
     0.9200     1.0599     0.0134         1
     0.9225     1.0466     0.0141         1
     0.9250     1.0990     0.0144         1
     0.6500    -1.0000    -1.0000         0
     0.6550    -1.0000    -1.0000         0
     0.6600    -1.0000    -1.0000         0
     0.6650    -1.0000    -1.0000         0
     0.6700    -1.0000    -1.0000         0
     0.6750    -1.0000    -1.0000         0
     0.6800    -1.0000    -1.0000         0
     0.6850    -1.0000    -1.0000         0
     0.6900    -1.0000    -1.0000         0
     0.6950    -1.0000    -1.0000         0
     0.7000    -1.0000    -1.0000         0
     0.7050    -1.0000    -1.0000         0
     0.7100    -1.0000    -1.0000         0
     0.7150    -1.0000    -1.0000         0
     0.7200    -1.0000    -1.0000         0
     0.7250    -1.0000    -1.0000         0
     0.7300    -1.0000    -1.0000         0
     0.7350    -1.0000    -1.0000         0
     0.7400    -1.0000    -1.0000         0
     0.7450    -1.0000    -1.0000         0
     0.7500    -1.0000    -1.0000         0
     0.7550    -1.0000    -1.0000         0
     0.7600    -1.0000    -1.0000         0
     0.7650    -1.0000    -1.0000         0
     0.7700    -1.0000    -1.0000         0
     0.7750    -1.0000    -1.0000         0
     0.7800    -1.0000    -1.0000         0
     0.7850    -1.0000    -1.0000         0
     0.7900    -1.0000    -1.0000         0
     0.7950    -1.0000    -1.0000         0
     0.8000    -1.0000    -1.0000         0
     0.8050    -1.0000    -1.0000         0
     0.8100    -1.0000    -1.0000         0
     0.8150    -1.0000    -1.0000         0
     0.8200    -1.0000    -1.0000         0
     0.8250    -1.0000    -1.0000         0
     0.8300    -1.0000    -1.0000         0
     0.8350    -1.0000    -1.0000         0
     0.8400    -1.0000    -1.0000         0
     0.8450    -1.0000    -1.0000         0
     0.8500    -1.0000    -1.0000         0
     0.8550    -1.0000    -1.0000         0
     0.8600    -1.0000    -1.0000         0
     0.8650    -1.0000    -1.0000         0
     0.8700    -1.0000    -1.0000         0
     0.8750     0.9292     0.0207         1
     0.8800     0.9297     0.0206         1
     0.8850     0.9470     0.0204         1
     0.8900     1.0075     0.0208         1
     0.8950     1.0416     0.0210         1
     0.9000     1.0756     0.0210         1
     0.9050     1.0811     0.0209         1
     0.9100     1.0740     0.0212         1
     0.9150     1.0862     0.0209         1
     0.9200     1.0645     0.0202         1
     0.9250     1.0455     0.0196         1
     0.9300     1.0427     0.0192         1
     0.9350     1.0534     0.0196         1
     0.9400     1.0164     0.0198         1
     0.9450     0.9859     0.0209         1
     0.9500     1.0347     0.0220         1
     0.9550     1.0561     0.0216         1
     0.9600     1.0434     0.0211         1
     0.9650     1.0700     0.0216         1
     0.9700     1.0816     0.0204         1
     0.9750     1.0716     0.0192         1
     0.9800     1.0691     0.0186         1
     0.9850     1.0713     0.0182         1
     0.9900     1.0853     0.0177         1
     0.9950     1.0919     0.0174         1
     1.0000     1.0877     0.0171         1
     1.0050     1.0953     0.0175         1
     1.0100     1.1152     0.0173         1
     1.0150     1.1348     0.0175         1
     1.0200     1.1525     0.0179         1
     1.0250     1.1565     0.0174         1
     1.0300     1.1556     0.0174         1
     1.0350     1.1495     0.0174         1
     1.0400     1.1404     0.0176         1
     1.0450     1.1510     0.0180         1
     1.0500     1.1683     0.0178         1
     1.0550     1.1472     0.0173         1
     1.0600     1.1321     0.0171         1
     1.0650     1.1358     0.0173         1
     1.0700     1.1371     0.0174         1
     1.0750     1.1491     0.0175         1
     1.0800     1.1666     0.0176         1
     1.0850     1.1890     0.0185         1
     1.0900     1.2109     0.0196         1
     1.0950     1.2455     0.0189         1
     1.1000     1.2298     0.0186         1
     1.1050     1.2412     0.0191         1
     1.1100     1.2341     0.0187         1
     1.1150     1.2615     0.0192         1
     1.1200     1.2753     0.0195         1
     1.1250     1.2108     0.0205         1
     1.1300     1.1929     0.0225         1
     1.1350     1.2133     0.0243         1
     1.1400     1.2112     0.0242         1
     1.1450     1.2183     0.0244         1
     1.1500     1.2342     0.0238         1
     1.1550     1.2409     0.0231         1
     1.1600     1.2285     0.0238         1
     1.1650     1.2346     0.0223         1
     1.1700     1.2560     0.0214         1
     1.1750     1.2847     0.0212         1
     1.1800     1.2837     0.0206         1
     1.1850     1.2941     0.0207         1
     1.1900     1.2959     0.0206         1
     1.1950     1.2974     0.0221         1
     1.2000     1.3235     0.0212         1
     1.2050     1.2872     0.0220         1
     1.2100     1.2971     0.0214         1
     1.2150     1.3277     0.0212         1
     1.2200     1.2722     0.0205         1
     1.2250     1.2460     0.0217         1
     1.2300     1.2713     0.0205         1
     1.2350     1.2774     0.0215         1
     1.2400     1.2820     0.0206         1
     1.2450     1.2702     0.0204         1
     1.2500     1.2763     0.0207         1
     1.2550     1.2695     0.0211         1
     1.2600     1.2484     0.0216         1
     1.2650     1.2664     0.0222         1
     1.2700     1.2735     0.0221         1
     1.2750     1.3463     0.0241         1
     1.2800     1.3859     0.0231         1
     1.2850     1.3778     0.0240         1
     1.2900     1.3659     0.0227         1
     1.2950     1.3545     0.0224         1
     1.3000     1.3189     0.0218         1
     1.3050     1.3314     0.0226         1
     1.3100     1.3715     0.0233         1
     1.3150     1.4091     0.0239         1
     1.3200     1.3936     0.0232         1
     1.3250     1.3582     0.0233         1
     1.3300     1.3419     0.0235         1
     1.3350     1.3099     0.0235         1
     1.3400     1.3205     0.0250         1
     1.3450     1.3334     0.0274         1
     1.3500    -1.0000    -1.0000         0
     1.3550    -1.0000    -1.0000         0
     1.3600    -1.0000    -1.0000         0
     1.3650    -1.0000    -1.0000         0
     1.3700     1.3145     0.1339         1
     1.3750     1.4203     0.1242         1
     1.3800     1.3170     0.0984         1
     1.3850     1.2754     0.0904         1
     1.3900    -1.0000    -1.0000         0
     1.3950    -1.0000    -1.0000         0
     1.4000     1.3920     0.0720         1
     1.4050    -1.0000    -1.0000         0
     1.4100     1.4734     0.0605         1
     1.4150     1.3936     0.0503         1
     1.4200     1.4316     0.0452         1
     1.4250     1.4857     0.0424         1
     1.4300     1.4859     0.0402         1
     1.4350     1.4202     0.0374         1
     1.4400     1.4221     0.0372         1
     1.4450     1.4924     0.0380         1
     1.4500     1.4953     0.0341         1
     1.4550     1.4430     0.0315         1
     1.4600     1.4067     0.0317         1
     1.4650     1.3524     0.0304         1
     1.4700    -1.0000    -1.0000         0
     1.4750     1.4079     0.0333         1
     1.4800     1.4965     0.0313         1
     1.4850     1.4233     0.0288         1
     1.4900     1.3419     0.0281         1
     1.4950     1.3016     0.0278         1
     1.5000     1.3469     0.0268         1
     1.5050    -1.0000    -1.0000         0
     1.5100     1.3191     0.0269         1
     1.5150     1.4017     0.0267         1
     1.5200     1.3745     0.0271         1
     1.5250     1.3799     0.0264         1
     1.5300     1.3486     0.0260         1
     1.5350     1.3732     0.0257         1
     1.5400     1.4167     0.0264         1
     1.5450     1.4227     0.0261         1
     1.5500     1.4139     0.0261         1
     1.5550     1.3934     0.0250         1
     1.5600     1.3913     0.0263         1
     1.5650     1.3453     0.0252         1
     1.5700     1.3528     0.0261         1
     1.5750     1.4323     0.0281         1
     1.5800     1.5204     0.0289         1
     1.5850     1.5048     0.0280         1
     1.5900     1.4505     0.0304         1
     1.5950     1.4626     0.0282         1
     1.6000     1.5537     0.0356         1
     1.6050     1.5209     0.0287         1
     1.6100     1.4601     0.0278         1
     1.6150     1.4603     0.0306         1
     1.6200     1.4247     0.0288         1
     1.6250     1.4514     0.0349         1
     1.6300     1.4306     0.0293         1
     1.6350     1.3875     0.0275         1
     1.6400     1.3362     0.0271         1
     1.6450     1.3015     0.0275         1
     1.6500     1.2872     0.0268         1
     1.6550     1.2922     0.0272         1
     1.6600     1.3075     0.0270         1
     1.6650     1.2963     0.0285         1
     1.6700     1.2752     0.0280         1
     1.6750     1.2764     0.0292         1
     1.6800     1.2727     0.0285         1
     1.6850     1.2897     0.0308         1
     1.6900     1.2614     0.0307         1
     1.6950     1.2683     0.0292         1
     1.7000     1.2581     0.0289         1
     1.7050     1.2420     0.0273         1
     1.7100     1.2522     0.0311         1
     1.7150     1.2163     0.0295         1
     1.7200     1.2282     0.0294         1
     1.7250     1.2325     0.0295         1
     1.7300     1.2575     0.0321         1
     1.7350     1.2590     0.0299         1
     1.7400     1.2425     0.0332         1
     1.7450     1.2593     0.0326         1
     1.7500     1.2551     0.0322         1
     1.7550     1.3349     0.0325         1
     1.7600     1.3584     0.0354         1
     1.7650     1.2860     0.0336         1
     1.7700     1.2457     0.0356         1
     1.7750     1.2996     0.0341         1
     1.7800     1.3317     0.0358         1
     1.7850     1.3866     0.0396         1
     1.7900     1.3214     0.0385         1
     1.7950     1.2997     0.0426         1
     1.8000     1.0683     0.0462         1
     1.8050    -1.0000    -1.0000         0
     1.8100     1.2318     0.0631         1
     1.8150     1.3045     0.0643         1
     1.8200     1.2252     0.0770         1
     1.8250     1.1470     0.0933         1
     1.8300     1.1408     0.1271         1
     1.8350    -1.0000    -1.0000         0
     1.8400    -1.0000    -1.0000         0
     1.8450     1.4800     0.2696         1
     1.8500    -1.0000    -1.0000         0
     1.8550    -1.0000    -1.0000         0
     1.8600    -1.0000    -1.0000         0
     1.8650     1.2258     0.2177         1
     1.8700    -1.0000    -1.0000         0
     1.8750     1.1620     0.2152         1
     1.8800    -1.0000    -1.0000         0
     1.8850     1.5454     0.1535         1
     1.8900     1.5112     0.1335         1
     1.8950     1.0885     0.1378         1
     1.9000    -1.0000    -1.0000         0
     1.9050    -1.0000    -1.0000         0
     1.9100     1.0197     0.1971         1
     1.9150     1.2454     0.1638         1
     1.9200     1.3048     0.1320         1
     1.9250     1.2740     0.1082         1
     1.9300     1.1091     0.0892         1
     1.9350     1.1342     0.0800         1
     1.9400     1.2061     0.0782         1
     1.9450     1.1040     0.0677         1
     1.9500     1.1358     0.0668         1
     1.9550     1.1512     0.0652         1
     1.9600     1.0648     0.0633         1
     1.9650     1.0856     0.0572         1
     1.9700     1.3055     0.0553         1
     1.9750     1.2486     0.0515         1
     1.9800     1.2002     0.0445         1
     1.9850     1.2775     0.0445         1
     1.9900     1.1222     0.0420         1
     1.9950     1.0934     0.0453         1
     2.0000    -1.0000    -1.0000         0
     2.0050    -1.0000    -1.0000         0
     2.0100    -1.0000    -1.0000         0
     2.0150     1.0355     0.0637         1
     2.0200     1.1581     0.0554         1
     2.0250     1.4135     0.0605         1
     2.0300     1.3906     0.0574         1
     2.0350     1.3667     0.0530         1
     2.0400     1.3436     0.0504         1
     2.0450     1.2385     0.0490         1
     2.0500     1.1580     0.0483         1
     2.0550     1.1984     0.0510         1
     2.0600     1.2333     0.0512         1
     2.0650     1.3181     0.0543         1
     2.0700     1.3289     0.0535         1
     2.0750     1.3738     0.0538         1
     2.0800     1.3966     0.0534         1
     2.0850     1.4218     0.0521         1
     2.0900     1.3457     0.0490         1
     2.0950     1.3564     0.0496         1
     2.1000     1.3503     0.0506         1
     2.1050     1.3196     0.0509         1
     2.1100     1.3474     0.0502         1
     2.1150     1.3526     0.0522         1
     2.1200     1.3175     0.0492         1
     2.1250     1.3707     0.0527         1
     2.1300     1.3906     0.0524         1
     2.1350     1.3993     0.0535         1
     2.1400     1.3228     0.0525         1
     2.1450     1.3306     0.0515         1
     2.1500     1.3973     0.0581         1
     2.1550     1.3561     0.0565         1
     2.1600     1.2588     0.0545         1
     2.1650     1.2658     0.0539         1
     2.1700     1.3165     0.0562         1
     2.1750     1.2416     0.0579         1
     2.1800     1.1884     0.0530         1
     2.1850     1.2003     0.0540         1
     2.1900     1.2348     0.0522         1
     2.1950     1.3194     0.0578         1
     2.2000     1.3408     0.0596         1
     2.2050     1.4608     0.0621         1
     2.2100     1.2738     0.0626         1
     2.2150     1.1376     0.0542         1
     2.2200     1.2704     0.0554         1
     2.2250     1.2634     0.0589         1
     2.2300     1.1567     0.0592         1
     2.2350     1.2111     0.0577         1
     2.2400     1.2862     0.0625         1
     2.2450     1.2184     0.0609         1
     2.2500     1.2343     0.0599         1
     2.2550     1.2468     0.0620         1
     2.2600     1.2063     0.0591         1
     2.2650     1.2717     0.0648         1
     2.2700     1.1799     0.0613         1
     2.2750     1.1628     0.0635         1
     2.2800     1.2029     0.0617         1
     2.2850     1.1913     0.0638         1
     2.2900     1.2210     0.0639         1
     2.2950     1.2653     0.0652         1
     2.3000     1.2872     0.0652         1
     2.3050     1.2221     0.0655         1
     2.3100     1.1726     0.0649         1
     2.3150     1.2206     0.0700         1
     2.3200     1.1886     0.0686         1
     2.3250     1.2821     0.0691         1
     2.3300     1.2335     0.0743         1
     2.3350     1.2416     0.0663         1
     2.3400     1.4280     0.0816         1
     2.3450     1.3206     0.0789         1
     2.3500     1.2485     0.0761         1
     2.3550     1.2160     0.0745         1
     2.3600     1.3463     0.0791         1
     2.3650     1.4498     0.0917         1
     2.3700     1.3848     0.0850         1
     2.3750     1.4397     0.0947         1
     2.3800     1.2806     0.0862         1
     2.3850     1.1295     0.0834         1
     2.3900     1.2958     0.0849         1
     2.3950     1.5313     0.0936         1
     2.4000     1.3165     0.0982         1
     2.4050    -1.0000    -1.0000         0
     2.4100     1.2032     0.0949         1
     2.4150     1.5586     0.1062         1
     2.4200    -1.0000    -1.0000         0
     2.4250     1.6014     0.1145         1
     2.4300     1.5357     0.1044         1
     2.4350    -1.0000    -1.0000         0
     2.4400    -1.0000    -1.0000         0
     2.4450    -1.0000    -1.0000         0
     2.4500    -1.0000    -1.0000         0
     2.4550    -1.0000    -1.0000         0
     2.4600    -1.0000    -1.0000         0
     2.4650    -1.0000    -1.0000         0
     2.4700    -1.0000    -1.0000         0
     2.4750    -1.0000    -1.0000         0
     2.4800    -1.0000    -1.0000         0
     2.4850    -1.0000    -1.0000         0
     2.4900    -1.0000    -1.0000         0
