     0.6500    -1.0000    -1.0000         0
     0.6550    -1.0000    -1.0000         0
     0.6600    -1.0000    -1.0000         0
     0.6650    -1.0000    -1.0000         0
     0.6700    -1.0000    -1.0000         0
     0.6750    -1.0000    -1.0000         0
     0.6800    -1.0000    -1.0000         0
     0.6850    -1.0000    -1.0000         0
     0.6900    -1.0000    -1.0000         0
     0.6950    -1.0000    -1.0000         0
     0.7000    -1.0000    -1.0000         0
     0.7050    -1.0000    -1.0000         0
     0.7100    -1.0000    -1.0000         0
     0.7150    -1.0000    -1.0000         0
     0.7200    -1.0000    -1.0000         0
     0.7250    -1.0000    -1.0000         0
     0.7300    -1.0000    -1.0000         0
     0.7350    -1.0000    -1.0000         0
     0.7400    -1.0000    -1.0000         0
     0.7450    -1.0000    -1.0000         0
     0.7500    -1.0000    -1.0000         0
     0.7550    -1.0000    -1.0000         0
     0.7600    -1.0000    -1.0000         0
     0.7650    -1.0000    -1.0000         0
     0.7700    -1.0000    -1.0000         0
     0.7750    -1.0000    -1.0000         0
     0.7800    -1.0000    -1.0000         0
     0.7850    -1.0000    -1.0000         0
     0.7900     0.8876     0.0214         2
     0.7950     0.9029     0.0203         2
     0.8000     0.8992     0.0194         2
     0.8050     0.8939     0.0177         2
     0.8100     0.8613     0.0166         2
     0.8150     0.8700     0.0172         2
     0.8200     0.9196     0.0150         2
     0.8250     0.9098     0.0141         2
     0.8300     0.8850     0.0150         2
     0.8350     0.8914     0.0144         2
     0.8400     0.8825     0.0141         2
     0.8450     0.8677     0.0139         2
     0.8500     0.8897     0.0143         2
     0.8550     0.9011     0.0155         2
     0.8600     0.8903     0.0148         2
     0.8650     0.8773     0.0143         2
     0.8700     0.8695     0.0143         2
     0.8750     0.8923     0.0137         2
     0.8800     0.9051     0.0137         2
     0.8850     0.9152     0.0132         2
     0.8900     0.8990     0.0129         2
     0.8950     0.8918     0.0126         2
     0.9000     0.8994     0.0126         2
     0.9050     0.8945     0.0113         2
     0.9100     0.8932     0.0124         2
     0.9150     0.9077     0.0127         2
     0.9200     0.9169     0.0126         2
     0.9250     0.9136     0.0118         2
     0.9300     0.8972     0.0118         2
     0.9350     0.9216     0.0126         2
     0.9400     0.9016     0.0130         2
     0.9450     0.9074     0.0130         2
     0.9500     0.9063     0.0129         2
     0.9550     0.9239     0.0123         2
     0.9600     0.9241     0.0118         2
     0.9650     0.9465     0.0117         2
     0.9700     0.9379     0.0110         2
     0.9750     0.9299     0.0107         2
     0.9800     0.9472     0.0108         2
     0.9850     0.9373     0.0115         2
     0.9900     0.9245     0.0105         2
     0.9950     0.9310     0.0106         2
     1.0000     0.9270     0.0108         2
     1.0050     0.9384     0.0112         2
     1.0100     0.9411     0.0113         2
     1.0150     0.9248     0.0117         2
     1.0200     0.9385     0.0110         2
     1.0250     0.9654     0.0110         2
     1.0300     0.9775     0.0108         2
     1.0350     0.9864     0.0125         2
     1.0400     0.9633     0.0117         2
     1.0450     0.9518     0.0118         2
     1.0500     0.9614     0.0119         2
     1.0550     0.9737     0.0113         2
     1.0600     0.9742     0.0113         2
     1.0650     0.9656     0.0106         2
     1.0700     0.9550     0.0106         2
     1.0750     0.9696     0.0115         2
     1.0800     0.9816     0.0112         2
     1.0850     0.9729     0.0113         2
     1.0900     0.9804     0.0106         2
     1.0950     0.9751     0.0111         2
     1.1000     0.9911     0.0116         2
     1.1050     0.9764     0.0115         2
     1.1100     0.9675     0.0124         2
     1.1150     0.9883     0.0125         2
     1.1200     0.9486     0.0138         1
     1.1250     0.9881     0.0128         2
     1.1300     1.0046     0.0142         2
     1.1350     0.9953     0.0134         2
     1.1400     0.9944     0.0142         2
     1.1450     0.9679     0.0127         2
     1.1500     0.9864     0.0137         2
     1.1550     1.0156     0.0154         2
     1.1600     0.9972     0.0133         2
     1.1650     0.9807     0.0116         2
     1.1700     1.0026     0.0122         2
     1.1750     0.9987     0.0122         2
     1.1800     0.9900     0.0126         2
     1.1850     0.9953     0.0113         2
     1.1900     0.9992     0.0118         2
     1.1950     1.0180     0.0132         2
     1.2000     1.0005     0.0123         1
     1.2050     0.9894     0.0134         2
     1.2100     1.0170     0.0125         2
     1.2150     1.0312     0.0154         2
     1.2200     1.0240     0.0116         2
     1.2250     1.0392     0.0136         1
     1.2300     1.0106     0.0139         2
     1.2350     1.0073     0.0122         2
     1.2400     1.0070     0.0121         2
     1.2450     1.0229     0.0124         2
     1.2500     1.0170     0.0129         2
     1.2550     0.9965     0.0116         2
     1.2600     1.0105     0.0129         2
     1.2650     1.0053     0.0133         2
     1.2700     1.0089     0.0129         2
     1.2750     0.9817     0.0116         2
     1.2800     1.0217     0.0118         2
     1.2850    -1.0000    -1.0000         0
     1.2900     0.9951     0.0134         2
     1.2950     1.0354     0.0140         2
     1.3000     1.0138     0.0127         2
     1.3050     1.0138     0.0133         2
     1.3100     1.0218     0.0124         2
     1.3150     1.0174     0.0132         2
     1.3200     1.0031     0.0132         2
     1.3250     1.0228     0.0127         2
     1.3300     1.0164     0.0136         2
     1.3350     1.0270     0.0142         2
     1.3400     1.0295     0.0150         1
     1.3450    -1.0000    -1.0000         0
     1.3500     1.0463     0.0226         1
     1.3550    -1.0000    -1.0000         0
     1.3600     1.0397     0.0337         2
     1.3650     0.9874     0.0440         1
     1.3700    -1.0000    -1.0000         0
     1.3750     1.0732     0.0351         1
     1.3800     1.0330     0.0309         2
     1.3850     1.0171     0.0315         1
     1.3900     1.0832     0.0280         2
     1.3950     1.0236     0.0279         2
     1.4000     1.0323     0.0236         1
     1.4050     1.0415     0.0219         1
     1.4100     1.1000     0.0204         1
     1.4150     1.0809     0.0205         2
     1.4200     1.0636     0.0176         2
     1.4250     1.0907     0.0189         1
     1.4300     1.0959     0.0178         2
     1.4350     1.0659     0.0167         2
     1.4400     1.0797     0.0178         1
     1.4450     1.0920     0.0164         2
     1.4500     1.0788     0.0175         2
     1.4550     1.0887     0.0174         2
     1.4600     1.1068     0.0151         2
     1.4650     1.0694     0.0149         2
     1.4700     1.0881     0.0159         2
     1.4750     1.1147     0.0157         2
     1.4800     1.0901     0.0157         2
     1.4850     1.1171     0.0151         2
     1.4900     1.0951     0.0150         2
     1.4950     1.0710     0.0134         2
     1.5000     1.0810     0.0149         2
     1.5050     1.0806     0.0136         2
     1.5100     1.1060     0.0148         2
     1.5150     1.0810     0.0163         2
     1.5200     1.0648     0.0144         2
     1.5250     1.0506     0.0145         2
     1.5300     1.0409     0.0130         2
     1.5350     1.1321     0.0151         2
     1.5400     1.1229     0.0145         2
     1.5450     1.0938     0.0146         2
     1.5500     1.1120     0.0136         2
     1.5550     1.1159     0.0140         2
     1.5600     1.1224     0.0139         2
     1.5650     1.0896     0.0143         2
     1.5700     1.0758     0.0147         2
     1.5750     1.0870     0.0147         2
     1.5800     1.0411     0.0149         2
     1.5850     1.0801     0.0143         2
     1.5900     1.0755     0.0145         2
     1.5950     1.1059     0.0143         2
     1.6000     1.0791     0.0148         2
     1.6050     1.0991     0.0146         2
     1.6100     1.1177     0.0155         2
     1.6150     1.1311     0.0146         2
     1.6200     1.1559     0.0148         2
     1.6250     1.1060     0.0145         2
     1.6300     1.0767     0.0148         2
     1.6350     1.1280     0.0153         2
     1.6400     1.1222     0.0151         2
     1.6450     1.0968     0.0152         2
     1.6500     1.0883     0.0156         2
     1.6550     1.0829     0.0145         2
     1.6600     1.1250     0.0148         2
     1.6650     1.1534     0.0152         2
     1.6700     1.1281     0.0157         2
     1.6750     1.1108     0.0161         2
     1.6800     1.1162     0.0150         2
     1.6850     1.1343     0.0154         2
     1.6900     1.1158     0.0155         2
     1.6950     1.0528     0.0149         2
     1.7000     1.0801     0.0152         2
     1.7050     1.1305     0.0157         2
     1.7100     1.1043     0.0164         2
     1.7150     1.1141     0.0154         2
     1.7200     1.0961     0.0162         2
     1.7250     1.0838     0.0160         2
     1.7300     1.0803     0.0157         2
     1.7350     1.0873     0.0167         2
     1.7400     1.1517     0.0179         2
     1.7450     1.1013     0.0181         2
     1.7500     1.1115     0.0171         2
     1.7550     1.1101     0.0177         2
     1.7600     1.1172     0.0163         2
     1.7650     1.1056     0.0159         2
     1.7700     1.1245     0.0182         2
     1.7750     1.1352     0.0175         2
     1.7800     1.0994     0.0178         2
     1.7850     1.0992     0.0181         2
     1.7900     1.1272     0.0188         2
     1.7950     1.0975     0.0192         2
     1.8000     1.0502     0.0215         2
     1.8050     1.0696     0.0224         2
     1.8100     1.0794     0.0241         2
     1.8150     1.1111     0.0276         2
     1.8200     1.1098     0.0304         2
     1.8250     1.1559     0.0368         2
     1.8300     1.1033     0.0391         1
     1.8350     1.0006     0.0484         1
     1.8400     1.0472     0.0513         2
     1.8450     1.1085     0.0636         2
     1.8500     1.0719     0.0584         2
     1.8550     1.1036     0.0655         2
     1.8600     1.0493     0.0542         2
     1.8650     1.1525     0.0741         1
     1.8700     1.0474     0.0700         2
     1.8750     1.0610     0.0699         1
     1.8800     1.0873     0.0506         2
     1.8850     1.1643     0.0396         1
     1.8900     1.1044     0.0392         2
     1.8950     1.1071     0.0461         2
     1.9000     1.1494     0.0495         1
     1.9050     1.0983     0.0551         2
     1.9100     1.0885     0.0545         2
     1.9150     1.0943     0.0434         2
     1.9200     1.0559     0.0422         1
     1.9250     1.1520     0.0447         1
     1.9300     1.1172     0.0359         2
     1.9350     1.1449     0.0340         2
     1.9400     1.1310     0.0303         2
     1.9450     1.1463     0.0322         2
     1.9500     1.0781     0.0298         2
     1.9550     1.0477     0.0323         2
     1.9600     1.0399     0.0309         2
     1.9650     1.0843     0.0267         2
     1.9700     1.1309     0.0297         1
     1.9750     1.1156     0.0240         2
     1.9800     1.0761     0.0218         2
     1.9850     1.0703     0.0236         2
     1.9900     1.1141     0.0239         2
     1.9950     1.0488     0.0264         1
     2.0000    -1.0000    -1.0000         0
     2.0050     1.1569     0.0295         1
     2.0100     1.0333     0.0344         2
     2.0150     1.0902     0.0330         2
     2.0200     1.1009     0.0297         2
     2.0250     1.0883     0.0265         2
     2.0300     1.0875     0.0253         2
     2.0350     1.0616     0.0245         2
     2.0400     1.1078     0.0243         2
     2.0450     1.1608     0.0282         1
     2.0500     1.0935     0.0270         1
     2.0550     1.1189     0.0296         2
     2.0600     1.1031     0.0277         2
     2.0650     1.0806     0.0239         2
     2.0700     1.1157     0.0264         2
     2.0750     1.1351     0.0257         2
     2.0800     1.1396     0.0243         2
     2.0850     1.1766     0.0259         2
     2.0900     1.1840     0.0233         2
     2.0950     1.1564     0.0241         2
     2.1000     1.1388     0.0237         2
     2.1050     1.1411     0.0225         2
     2.1100     1.0896     0.0230         2
     2.1150     1.0954     0.0244         2
     2.1200     1.1385     0.0247         2
     2.1250     1.1333     0.0251         2
     2.1300     1.0695     0.0241         2
     2.1350     1.1045     0.0231         2
     2.1400     1.1555     0.0253         2
     2.1450     1.1301     0.0264         2
     2.1500     1.1343     0.0272         2
     2.1550     1.1014     0.0257         2
     2.1600     1.1636     0.0284         2
     2.1650     1.1628     0.0269         2
     2.1700     1.1422     0.0260         2
     2.1750     1.1460     0.0258         2
     2.1800     1.1455     0.0269         2
     2.1850     1.2129     0.0302         2
     2.1900     1.1727     0.0266         2
     2.1950     1.1487     0.0282         2
     2.2000     1.1418     0.0273         2
     2.2050     1.1745     0.0293         2
     2.2100     1.2050     0.0304         2
     2.2150     1.2487     0.0337         2
     2.2200     1.2480     0.0292         2
     2.2250     1.2489     0.0344         1
     2.2300     1.1679     0.0301         2
     2.2350     1.1418     0.0297         2
     2.2400     1.1494     0.0299         2
     2.2450     1.0997     0.0292         2
     2.2500     1.1455     0.0304         2
     2.2550     1.2080     0.0315         2
     2.2600     1.2085     0.0321         2
     2.2650     1.1221     0.0329         2
     2.2700     1.1424     0.0317         2
     2.2750     1.2142     0.0333         2
     2.2800     1.1523     0.0311         2
     2.2850     1.1258     0.0326         2
     2.2900     1.1081     0.0326         2
     2.2950     1.0882     0.0307         2
     2.3000     1.1439     0.0342         2
     2.3050     1.1876     0.0344         2
     2.3100     1.2028     0.0357         2
     2.3150     1.1870     0.0334         2
     2.3200     1.1540     0.0340         2
     2.3250     1.1609     0.0335         2
     2.3300     1.1870     0.0350         2
     2.3350     1.1569     0.0348         2
     2.3400     1.2152     0.0360         2
     2.3450    -1.0000    -1.0000         0
     2.3500     1.2472     0.0398         1
     2.3550     1.2379     0.0375         2
     2.3600     1.2374     0.0385         2
     2.3650     1.2262     0.0401         1
     2.3700     1.1625     0.0380         2
     2.3750     1.2163     0.0393         2
     2.3800     1.1678     0.0368         2
     2.3850     1.1472     0.0369         1
     2.3900    -1.0000    -1.0000         0
     2.3950     1.1782     0.0392         1
     2.4000     1.2063     0.0365         2
     2.4050     1.1759     0.0382         2
     2.4100     1.2154     0.0441         2
     2.4150    -1.0000    -1.0000         0
     2.4200     1.1724     0.0449         1
     2.4250     1.1885     0.0383         2
     2.4300     1.3211     0.0449         2
     2.4350     1.3215     0.0431         2
     2.4400     1.3687     0.0499         2
     2.4450     1.3261     0.0445         2
     2.4500     1.3367     0.0443         1
     2.4550    -1.0000    -1.0000         0
     2.4600    -1.0000    -1.0000         0
     2.4650    -1.0000    -1.0000         0
     2.4700    -1.0000    -1.0000         0
     2.4750    -1.0000    -1.0000         0
     2.4800    -1.0000    -1.0000         0
     2.4850    -1.0000    -1.0000         0
     2.4900    -1.0000    -1.0000         0
