     0.6500    138.2802    1223.6800         1
     0.6550    -1.0000    -1.0000         0
     0.6600    -1.0000    -1.0000         0
     0.6650    -1.0000    -1.0000         0
     0.6700    -1.0000    -1.0000         0
     0.6750    -1.0000    -1.0000         0
     0.6800    -1.0000    -1.0000         0
     0.6850    -1.0000    -1.0000         0
     0.6900    -1.0000    -1.0000         0
     0.6950    -1.0000    -1.0000         0
     0.7000    -1.0000    -1.0000         0
     0.7050    -1.0000    -1.0000         0
     0.7100    -1.0000    -1.0000         0
     0.7150    -1.0000    -1.0000         0
     0.7200    -1.0000    -1.0000         0
     0.7250    -1.0000    -1.0000         0
     0.7300    -1.0000    -1.0000         0
     0.7350    -1.0000    -1.0000         0
     0.7400    -1.0000    -1.0000         0
     0.7450    -1.0000    -1.0000         0
     0.7500    -1.0000    -1.0000         0
     0.7550    -1.0000    -1.0000         0
     0.7600    -1.0000    -1.0000         0
     0.7650    -1.0000    -1.0000         0
     0.7700     0.7358     0.1906         1
     0.7750     0.7305     0.1460         1
     0.7800     0.7815     0.1126         1
     0.7850     0.7823     0.0899         1
     0.7900     0.6841     0.0751         1
     0.7950     0.7390     0.0659         1
     0.8000     0.8465     0.0692         1
     0.8050     0.7939     0.0617         1
     0.8100     0.7175     0.0543         1
     0.8150     0.7594     0.0507         1
     0.8200     0.7894     0.0477         1
     0.8250     0.7709     0.0467         1
     0.8300     0.7448     0.0443         1
     0.8350     0.7327     0.0432         1
     0.8400     0.7527     0.0435         1
     0.8450     0.7571     0.0449         1
     0.8500     0.7949     0.0423         1
     0.8550     0.8256     0.0456         1
     0.8600     0.7659     0.0464         1
     0.8650     0.7260     0.0441         1
     0.8700     0.7496     0.0440         1
     0.8750     0.7008     0.0415         1
     0.8800     0.6916     0.0401         1
     0.8850     0.7245     0.0409         1
     0.8900     0.7466     0.0381         1
     0.8950     0.7710     0.0391         1
     0.9000     0.7411     0.0419         1
     0.9050     0.6665     0.0347         1
     0.9100     0.6262     0.0328         1
     0.9150     0.6424     0.0352         1
     0.9200     0.7163     0.0370         1
     0.9250     0.7320     0.0376         1
     0.9300     0.7319     0.0437         1
     0.9350     0.6180     0.0399         1
     0.9400     0.6392     0.0414         1
     0.9450     0.6564     0.0433         1
     0.9500     0.6234     0.0399         1
     0.9550     0.6675     0.0401         1
     0.9600     0.6970     0.0376         1
     0.9650     0.6777     0.0378         1
     0.9700     0.6958     0.0316         1
     0.9750     0.7635     0.0338         1
     0.9800     0.7883     0.0352         1
     0.9850     0.7560     0.0329         1
     0.9900     0.7445     0.0329         1
     0.9950     0.7873     0.0327         1
     1.0000     0.7754     0.0323         1
     1.0050     0.7840     0.0309         1
     1.0100     0.7976     0.0302         1
     1.0150     0.7539     0.0289         1
     1.0200     0.7074     0.0279         1
     1.0250     0.7209     0.0286         1
     1.0300     0.7560     0.0283         1
     1.0350     0.6985     0.0288         1
     1.0400     0.6344     0.0273         1
     1.0450     0.6849     0.0271         1
     1.0500     0.7698     0.0296         1
     1.0550     0.7745     0.0318         1
     1.0600     0.7360     0.0288         1
     1.0650     0.7073     0.0292         1
     1.0700     0.7318     0.0292         1
     1.0750     0.7614     0.0308         1
     1.0800     0.7712     0.0290         1
     1.0850     0.8591     0.0327         1
     1.0900     0.8203     0.0340         1
     1.0950     0.7487     0.0297         1
     1.1000     0.7728     0.0341         1
     1.1050     0.7232     0.0302         1
     1.1100     0.7343     0.0341         1
     1.1150     0.7333     0.0350         1
     1.1200     0.7658     0.0405         1
     1.1250     0.7151     0.0469         1
     1.1300     0.7158     0.0434         1
     1.1350     0.8011     0.0499         1
     1.1400     0.8239     0.0481         1
     1.1450     0.7578     0.0478         1
     1.1500     0.8144     0.0417         1
     1.1550    -1.0000    -1.0000         0
     1.1600     0.8501     0.0404         1
     1.1650     0.8057     0.0377         1
     1.1700     0.7886     0.0343         1
     1.1750     0.8723     0.0358         1
     1.1800     0.8766     0.0392         1
     1.1850     0.8309     0.0360         1
     1.1900     0.8289     0.0329         1
     1.1950     0.8566     0.0356         1
     1.2000     0.8986     0.0370         1
     1.2050     0.8570     0.0366         1
     1.2100     0.8010     0.0346         1
     1.2150     0.8459     0.0356         1
     1.2200     0.8885     0.0342         1
     1.2250     0.9985     0.0372         1
     1.2300     1.0139     0.0451         1
     1.2350     0.9988     0.0404         1
     1.2400     0.9678     0.0390         1
     1.2450     0.9077     0.0387         1
     1.2500     0.9224     0.0400         1
     1.2550     0.9533     0.0410         1
     1.2600     0.9593     0.0397         1
     1.2650     0.9867     0.0430         1
     1.2700     0.9861     0.0412         1
     1.2750     0.9126     0.0409         1
     1.2800    -1.0000    -1.0000         0
     1.2850     0.9175     0.0409         1
     1.2900     0.9327     0.0376         1
     1.2950     0.9751     0.0401         1
     1.3000     0.9309     0.0404         1
     1.3050     0.8646     0.0362         1
     1.3100     0.9311     0.0397         1
     1.3150     0.9541     0.0419         1
     1.3200     0.9300     0.0418         1
     1.3250     0.9543     0.0429         1
     1.3300     0.9168     0.0456         1
     1.3350     0.8376     0.0497         1
     1.3400     0.8682     0.0547         1
     1.3450     0.8165     0.0689         1
     1.3500    -1.0000    -1.0000         0
     1.3550     0.8688     0.1356         1
     1.3600    -1.0000    -1.0000         0
     1.3650    -1.0000    -1.0000         0
     1.3700    -1.0000    -1.0000         0
     1.3750    -1.0000    -1.0000         0
     1.3800     0.9749     0.3072         1
     1.3850    -1.0000    -1.0000         0
     1.3900     1.0471     0.3074         1
     1.3950    -1.0000    -1.0000         0
     1.4000    -1.0000    -1.0000         0
     1.4050    -1.0000    -1.0000         0
     1.4100     1.0704     0.1315         1
     1.4150     0.8413     0.1049         1
     1.4200     0.8635     0.0829         1
     1.4250     0.9187     0.0870         1
     1.4300     0.9009     0.0803         1
     1.4350     1.0118     0.0802         1
     1.4400     0.9837     0.0702         1
     1.4450     1.0207     0.0683         1
     1.4500     0.9978     0.0633         1
     1.4550     0.9522     0.0551         1
     1.4600     1.0327     0.0603         1
     1.4650     0.9908     0.0630         1
     1.4700     0.9327     0.0578         1
     1.4750     0.9337     0.0565         1
     1.4800     0.8787     0.0493         1
     1.4850     0.9727     0.0537         1
     1.4900     1.0051     0.0526         1
     1.4950     0.9061     0.0507         1
     1.5000     0.9741     0.0426         1
     1.5050     1.0209     0.0502         1
     1.5100     1.0606     0.0462         1
     1.5150    -1.0000    -1.0000         0
     1.5200     1.0233     0.0449         1
     1.5250     1.0610     0.0469         1
     1.5300     1.0013     0.0425         1
     1.5350     0.9849     0.0408         1
     1.5400     0.9584     0.0390         1
     1.5450     0.9485     0.0411         1
     1.5500     0.9860     0.0437         1
     1.5550     1.0209     0.0449         1
     1.5600     1.0169     0.0418         1
     1.5650     1.0243     0.0446         1
     1.5700     0.9415     0.0427         1
     1.5750     0.9284     0.0406         1
     1.5800     0.8817     0.0429         1
     1.5850     0.8592     0.0395         1
     1.5900     0.9158     0.0408         1
     1.5950     0.9385     0.0422         1
     1.6000     0.9785     0.0461         1
     1.6050     0.9718     0.0396         1
     1.6100     0.9901     0.0436         1
     1.6150     0.9704     0.0436         1
     1.6200     1.0056     0.0457         1
     1.6250     0.9968     0.0444         1
     1.6300     0.9837     0.0418         1
     1.6350     0.9615     0.0455         1
     1.6400     0.9563     0.0412         1
     1.6450     0.9731     0.0427         1
     1.6500     0.9515     0.0463         1
     1.6550     0.9371     0.0444         1
     1.6600     0.9707     0.0425         1
     1.6650     0.9324     0.0471         1
     1.6700     0.9777     0.0440         1
     1.6750     1.0426     0.0484         1
     1.6800     1.0657     0.0535         1
     1.6850     1.0539     0.0526         1
     1.6900     1.0207     0.0412         1
     1.6950     1.0555     0.0531         1
     1.7000     1.0166     0.0564         1
     1.7050     1.0622     0.0518         1
     1.7100     1.0476     0.0477         1
     1.7150     1.0125     0.0500         1
     1.7200     1.0153     0.0520         1
     1.7250     1.0223     0.0527         1
     1.7300     1.0244     0.0535         1
     1.7350     0.9534     0.0542         1
     1.7400     0.9177     0.0507         1
     1.7450     0.8549     0.0470         1
     1.7500     0.9294     0.0492         1
     1.7550     0.7855     0.0695         1
     1.7600     1.0729     0.0616         1
     1.7650     1.2543     0.0666         1
     1.7700     1.1545     0.0530         1
     1.7750     0.9795     0.0614         1
     1.7800     0.9273     0.0619         1
     1.7850     1.1026     0.0607         1
     1.7900     0.9753     0.0645         1
     1.7950     0.9554     0.0842         1
     1.8000     1.1972     0.0940         1
     1.8050    -1.0000    -1.0000         0
     1.8100     1.2100     0.1264         1
     1.8150     1.1742     0.1155         1
     1.8200     0.8444     0.1816         1
     1.8250     0.7802     0.2088         1
     1.8300     0.9985     0.3144         1
     1.8350     0.7953     0.6452         1
     1.8400     1.0047     0.9379         1
     1.8450     0.8439     0.1822         1
     1.8500    -1.0000    -1.0000         0
     1.8550    -1.0000    -1.0000         0
     1.8600    -1.0000    -1.0000         0
     1.8650    -1.0000    -1.0000         0
     1.8700     0.7506     0.1943         1
     1.8750     0.9872     0.7126         1
     1.8800    -1.0000    -1.0000         0
     1.8850    -1.0000    -1.0000         0
     1.8900    -1.0000    -1.0000         0
     1.8950    -1.0000    -1.0000         0
     1.9000    -1.0000    -1.0000         0
     1.9050    -1.0000    -1.0000         0
     1.9100    -1.0000    -1.0000         0
     1.9150    -1.0000    -1.0000         0
     1.9200    -1.0000    -1.0000         0
     1.9250    -1.0000    -1.0000         0
     1.9300     0.7293     0.3121         1
     1.9350     0.8523     0.2927         1
     1.9400     0.7794     0.1663         1
     1.9450    -1.0000    -1.0000         0
     1.9500    -1.0000    -1.0000         0
     1.9550    -1.0000    -1.0000         0
     1.9600    -1.0000    -1.0000         0
     1.9650    -1.0000    -1.0000         0
     1.9700    -1.0000    -1.0000         0
     1.9750    -1.0000    -1.0000         0
     1.9800    -1.0000    -1.0000         0
     1.9850    -1.0000    -1.0000         0
     1.9900     0.9358     0.0761         1
     1.9950     0.9767     0.0859         1
     2.0000     1.1620     0.1043         1
     2.0050    -1.0000    -1.0000         0
     2.0100    -1.0000    -1.0000         0
     2.0150    -1.0000    -1.0000         0
     2.0200     1.1202     0.1387         1
     2.0250     0.9904     0.0976         1
     2.0300     0.7778     0.1076         1
     2.0350     0.9566     0.0856         1
     2.0400     1.1626     0.0813         1
     2.0450     1.0573     0.0808         1
     2.0500     1.1094     0.0862         1
     2.0550     1.1361     0.0929         1
     2.0600     1.1366     0.0946         1
     2.0650     1.1340     0.0831         1
     2.0700     0.9086     0.0933         1
     2.0750     0.8611     0.0837         1
     2.0800     0.9041     0.1167         1
     2.0850     1.1437     0.0880         1
     2.0900     1.1975     0.0905         1
     2.0950     1.0793     0.0927         1
     2.1000     1.1547     0.0752         1
     2.1050     0.9721     0.0852         1
     2.1100     0.9476     0.0994         1
     2.1150     1.1993     0.0878         1
     2.1200     1.1995     0.0842         1
     2.1250     1.0113     0.0747         1
     2.1300     0.8777     0.0918         1
     2.1350     0.9450     0.1049         1
     2.1400     1.2706     0.1027         1
     2.1450     1.3704     0.0913         1
     2.1500     1.1830     0.0842         1
     2.1550     1.0139     0.1012         1
     2.1600     1.1792     0.0940         1
     2.1650     1.2154     0.0821         1
     2.1700     0.9499     0.0927         1
     2.1750     0.8920     0.0881         1
     2.1800     0.9058     0.0910         1
     2.1850     0.8992     0.0908         1
     2.1900     0.9181     0.1035         1
     2.1950     1.0528     0.0892         1
     2.2000     1.0325     0.0982         1
     2.2050     0.9682     0.0991         1
     2.2100     1.0804     0.1052         1
     2.2150     1.1138     0.1091         1
     2.2200     1.1787     0.1075         1
     2.2250     1.1877     0.0874         1
     2.2300     1.0003     0.0931         1
     2.2350     0.9275     0.0981         1
     2.2400     1.0533     0.0981         1
     2.2450     1.0262     0.1032         1
     2.2500     0.9314     0.1166         1
     2.2550     1.0079     0.1159         1
     2.2600     1.1711     0.1277         1
     2.2650     1.2530     0.0954         1
     2.2700     1.0571     0.0949         1
     2.2750     0.7690     0.1179         1
     2.2800     0.9489     0.1027         1
     2.2850     1.0451     0.1319         1
     2.2900     1.1346     0.1216         1
     2.2950     1.1792     0.0984         1
     2.3000     0.8203     0.1219         1
     2.3050     0.8661     0.1188         1
     2.3100     1.1569     0.1048         1
     2.3150     0.9609     0.1399         1
     2.3200     1.0692     0.1172         1
     2.3250     1.0704     0.1585         1
     2.3300     1.1518     0.1213         1
     2.3350     1.2768     0.1191         1
     2.3400     0.9453     0.0985         1
     2.3450     0.7595     0.0946         1
     2.3500    -1.0000    -1.0000         0
     2.3550     0.7680     0.1324         1
     2.3600     1.0445     0.1295         1
     2.3650     1.0566     0.1344         1
     2.3700     1.0278     0.1521         1
     2.3750     1.1196     0.0958         1
     2.3800     0.7403     0.1546         1
     2.3850     0.7405     0.1611         1
     2.3900     1.1095     0.1959         1
     2.3950     1.3146     0.1596         1
     2.4000    -1.0000    -1.0000         0
     2.4050     0.8245     0.2408         1
     2.4100     1.2282     0.1753         1
     2.4150    -1.0000    -1.0000         0
     2.4200     1.2474     0.2102         1
     2.4250    -1.0000    -1.0000         0
     2.4300     1.1813     0.1412         1
     2.4350    -1.0000    -1.0000         0
     2.4400    -1.0000    -1.0000         0
     2.4450     1.3209     0.3339         1
     2.4500    -1.0000    -1.0000         0
     2.4550     1.2839     0.1554         1
     2.4600    -1.0000    -1.0000         0
     2.4650     1.3029     0.1059         1
     2.4700     1.1795     0.1430         1
     2.4750    -1.0000    -1.0000         0
     2.4800    -1.0000    -1.0000         0
     2.4850    -1.0000    -1.0000         0
     2.4900    -1.0000    -1.0000         0
