     0.6500    -1.0000    -1.0000         0
     0.6550    -1.0000    -1.0000         0
     0.6600    -1.0000    -1.0000         0
     0.6650    -1.0000    -1.0000         0
     0.6700    -1.0000    -1.0000         0
     0.6750    -1.0000    -1.0000         0
     0.6800    -1.0000    -1.0000         0
     0.6850    -1.0000    -1.0000         0
     0.6900    -1.0000    -1.0000         0
     0.6950    -1.0000    -1.0000         0
     0.7000    -1.0000    -1.0000         0
     0.7050    -1.0000    -1.0000         0
     0.7100    -1.0000    -1.0000         0
     0.7150    -1.0000    -1.0000         0
     0.7200    -1.0000    -1.0000         0
     0.7250    -1.0000    -1.0000         0
     0.7300    -1.0000    -1.0000         0
     0.7350    -1.0000    -1.0000         0
     0.7400    -1.0000    -1.0000         0
     0.7450    -1.0000    -1.0000         0
     0.7500    -1.0000    -1.0000         0
     0.7550    -1.0000    -1.0000         0
     0.7600     0.8958     0.0000         0
     0.7650     0.9735     0.0000         0
     0.7700     1.0332     0.0000         0
     0.7750     0.9084     0.0000         0
     0.7800     0.8533     0.0000         0
     0.7850     0.9364     0.0000         0
     0.7900     0.8695     0.0000         0
     0.7950     0.8714     0.0000         0
     0.8000     0.9147     0.0000         0
     0.8050     0.9726     0.0000         0
     0.8100     0.9021     0.0000         0
     0.8150     0.9012     0.0000         0
     0.8200     0.9798     0.0000         0
     0.8250     0.9102     0.0000         0
     0.8300     0.9211     0.0000         0
     0.8350     0.9238     0.0000         0
     0.8400     0.9265     0.0000         0
     0.8450     0.9211     0.0000         0
     0.8500     0.8994     0.0000         0
     0.8550     0.8569     0.0000         0
     0.8600     0.8840     0.0000         0
     0.8650     0.9102     0.0000         0
     0.8700     0.9003     0.0000         0
     0.8750     0.8795     0.0000         0
     0.8800     0.8741     0.0000         0
     0.8850     0.8831     0.0000         0
     0.8900     0.8650     0.0000         0
     0.8950     0.9120     0.0000         0
     0.9000     0.8714     0.0000         0
     0.9050     0.8262     0.0000         0
     0.9100     0.8542     0.0000         0
     0.9150     0.8442     0.0000         0
     0.9200     0.8316     0.0000         0
     0.9250     0.8488     0.0000         0
     0.9300     0.8415     0.0000         0
     0.9350     0.8488     0.0000         0
     0.9400     0.7981     0.0000         0
     0.9450     0.7674     0.0000         0
     0.9500     0.7638     0.0000         0
     0.9550     0.7710     0.0000         0
     0.9600     0.7882     0.0000         0
     0.9650     0.7764     0.0000         0
     0.9700     0.8144     0.0000         0
     0.9750     0.8216     0.0000         0
     0.9800     0.8361     0.0000         0
     0.9850     0.8659     0.0000         0
     0.9900     0.8650     0.0000         0
     0.9950     0.8551     0.0000         0
     1.0000     0.8533     0.0000         0
     1.0050     0.8741     0.0000         0
     1.0100     0.8931     0.0000         0
     1.0150     0.8442     0.0000         0
     1.0200     0.8750     0.0000         0
     1.0250     0.8840     0.0000         0
     1.0300     0.8533     0.0000         0
     1.0350     0.8912     0.0000         0
     1.0400     0.8967     0.0000         0
     1.0450     0.8912     0.0000         0
     1.0500     0.8777     0.0000         0
     1.0550     0.9057     0.0000         0
     1.0600     0.9120     0.0000         0
     1.0650     0.8921     0.0000         0
     1.0700     0.8894     0.0000         0
     1.0750     0.9138     0.0000         0
     1.0800     0.9364     0.0000         0
     1.0850     0.9527     0.0000         0
     1.0900     0.8967     0.0000         0
     1.0950     0.9066     0.0000         0
     1.1000     0.9039     0.0000         0
     1.1050     0.9211     0.0000         0
     1.1100     0.9410     0.0000         0
     1.1150     0.9229     0.0000         0
     1.1200     0.8958     0.0000         0
     1.1250    -1.0000    -1.0000         0
     1.1300    -1.0000    -1.0000         0
     1.1350    -1.0000    -1.0000         0
     1.1400    -1.0000    -1.0000         0
     1.1450    -1.0000    -1.0000         0
     1.1500    -1.0000    -1.0000         0
     1.1550    -1.0000    -1.0000         0
     1.1600     0.8488     0.0000         0
     1.1650     0.8867     0.0000         0
     1.1700     0.9997     0.0000         0
     1.1750     0.9554     0.0000         0
     1.1800     0.9355     0.0000         0
     1.1850     0.9355     0.0000         0
     1.1900     0.9599     0.0000         0
     1.1950     0.9889     0.0000         0
     1.2000     0.9563     0.0000         0
     1.2050     0.9599     0.0000         0
     1.2100     1.0015     0.0000         0
     1.2150     0.9843     0.0000         0
     1.2200     0.9834     0.0000         0
     1.2250     0.9455     0.0000         0
     1.2300     1.0377     0.0000         0
     1.2350     1.0341     0.0000         0
     1.2400     1.0341     0.0000         0
     1.2450     1.0449     0.0000         0
     1.2500     0.9997     0.0000         0
     1.2550     0.9916     0.0000         0
     1.2600     1.0856     0.0000         0
     1.2650     1.0422     0.0000         0
     1.2700     1.0937     0.0000         0
     1.2750     1.0413     0.0000         0
     1.2800     0.9762     0.0000         0
     1.2850     1.1064     0.0000         0
     1.2900     1.0865     0.0000         0
     1.2950     1.1118     0.0000         0
     1.3000     1.0729     0.0000         0
     1.3050     1.1000     0.0000         0
     1.3100     1.0377     0.0000         0
     1.3150     1.0241     0.0000         0
     1.3200     1.0241     0.0000         0
     1.3250     1.0395     0.0000         0
     1.3300     1.0196     0.0000         0
     1.3350     0.9780     0.0000         0
     1.3400     1.0666     0.0000         0
     1.3450     1.1507     0.0000         0
     1.3500     1.1190     0.0000         0
     1.3550     1.0892     0.0000         0
     1.3600    -1.0000    -1.0000         0
     1.3650    -1.0000    -1.0000         0
     1.3700    -1.0000    -1.0000         0
     1.3750    -1.0000    -1.0000         0
     1.3800    -1.0000    -1.0000         0
     1.3850    -1.0000    -1.0000         0
     1.3900    -1.0000    -1.0000         0
     1.3950    -1.0000    -1.0000         0
     1.4000    -1.0000    -1.0000         0
     1.4050    -1.0000    -1.0000         0
     1.4100    -1.0000    -1.0000         0
     1.4150    -1.0000    -1.0000         0
     1.4200    -1.0000    -1.0000         0
     1.4250    -1.0000    -1.0000         0
     1.4300     0.9545     0.0000         0
     1.4350     0.8985     0.0000         0
     1.4400     0.9256     0.0000         0
     1.4450     1.0503     0.0000         0
     1.4500     0.9428     0.0000         0
     1.4550     1.0133     0.0000         0
     1.4600     1.1272     0.0000         0
     1.4650     1.1163     0.0000         0
     1.4700     1.1525     0.0000         0
     1.4750     1.0404     0.0000         0
     1.4800     1.0142     0.0000         0
     1.4850     1.1687     0.0000         0
     1.4900     1.2835     0.0000         0
     1.4950     1.0603     0.0000         0
     1.5000     1.2727     0.0000         0
     1.5050     1.1109     0.0000         0
     1.5100     1.1606     0.0000         0
     1.5150     1.1895     0.0000         0
     1.5200     1.3007     0.0000         0
     1.5250     0.9410     0.0000         0
     1.5300     1.0765     0.0000         0
     1.5350     1.2953     0.0000         0
     1.5400     1.0856     0.0000         0
     1.5450     1.2130     0.0000         0
     1.5500     1.2736     0.0000         0
     1.5550     1.5086     0.0000         0
     1.5600     1.3667     0.0000         0
     1.5650     1.2826     0.0000         0
     1.5700     1.3468     0.0000         0
     1.5750     1.1163     0.0000         0
     1.5800     1.2239     0.0000         0
     1.5850     1.0729     0.0000         0
     1.5900     1.2076     0.0000         0
     1.5950     1.3423     0.0000         0
     1.6000     1.2944     0.0000         0
     1.6050     1.2980     0.0000         0
     1.6100     1.2284     0.0000         0
     1.6150     1.2582     0.0000         0
     1.6200     1.2365     0.0000         0
     1.6250     1.1118     0.0000         0
     1.6300     1.2609     0.0000         0
     1.6350     1.4092     0.0000         0
     1.6400     1.3766     0.0000         0
     1.6450     1.4444     0.0000         0
     1.6500     1.4996     0.0000         0
     1.6550     1.3378     0.0000         0
     1.6600     1.3305     0.0000         0
     1.6650     1.3070     0.0000         0
     1.6700     1.4417     0.0000         0
     1.6750     1.2655     0.0000         0
     1.6800     1.1724     0.0000         0
     1.6850     1.3712     0.0000         0
     1.6900     1.4417     0.0000         0
     1.6950     1.3830     0.0000         0
     1.7000     1.4706     0.0000         0
     1.7050     1.4010     0.0000         0
     1.7100     1.3287     0.0000         0
     1.7150     1.4734     0.0000         0
     1.7200     1.3034     0.0000         0
     1.7250     1.3242     0.0000         0
     1.7300     1.3224     0.0000         0
     1.7350     1.3884     0.0000         0
     1.7400     1.3097     0.0000         0
     1.7450     1.4173     0.0000         0
     1.7500     1.1850     0.0000         0
     1.7550     1.4923     0.0000         0
     1.7600     1.3531     0.0000         0
     1.7650     1.4643     0.0000         0
     1.7700     1.4218     0.0000         0
     1.7750     1.4245     0.0000         0
     1.7800     1.2040     0.0000         0
     1.7850     1.3703     0.0000         0
     1.7900     1.2998     0.0000         0
     1.7950     1.3152     0.0000         0
     1.8000     1.3577     0.0000         0
     1.8050     1.2591     0.0000         0
     1.8100     1.1931     0.0000         0
     1.8150     1.0693     0.0000         0
     1.8200     1.1624     0.0000         0
     1.8250    -1.0000    -1.0000         0
     1.8300    -1.0000    -1.0000         0
     1.8350    -1.0000    -1.0000         0
     1.8400    -1.0000    -1.0000         0
     1.8450    -1.0000    -1.0000         0
     1.8500    -1.0000    -1.0000         0
     1.8550    -1.0000    -1.0000         0
     1.8600    -1.0000    -1.0000         0
     1.8650    -1.0000    -1.0000         0
     1.8700    -1.0000    -1.0000         0
     1.8750    -1.0000    -1.0000         0
     1.8800    -1.0000    -1.0000         0
     1.8850    -1.0000    -1.0000         0
     1.8900    -1.0000    -1.0000         0
     1.8950    -1.0000    -1.0000         0
     1.9000    -1.0000    -1.0000         0
     1.9050    -1.0000    -1.0000         0
     1.9100    -1.0000    -1.0000         0
     1.9150    -1.0000    -1.0000         0
     1.9200    -1.0000    -1.0000         0
     1.9250    -1.0000    -1.0000         0
     1.9300    -1.0000    -1.0000         0
     1.9350    -1.0000    -1.0000         0
     1.9400    -1.0000    -1.0000         0
     1.9450    -1.0000    -1.0000         0
     1.9500    -1.0000    -1.0000         0
     1.9550     0.9789     0.0000         0
     1.9600     0.9599     0.0000         0
     1.9650     0.8849     0.0000         0
     1.9700     1.0603     0.0000         0
     1.9750     1.1272     0.0000         0
     1.9800     1.2438     0.0000         0
     1.9850     1.1055     0.0000         0
     1.9900     1.1353     0.0000         0
     1.9950     1.2573     0.0000         0
     2.0000     1.3920     0.0000         0
     2.0050     1.4941     0.0000         0
     2.0100     1.1696     0.0000         0
     2.0150     0.8831     0.0000         0
     2.0200     0.9708     0.0000         0
     2.0250     1.1588     0.0000         0
     2.0300     1.0865     0.0000         0
     2.0350     1.2646     0.0000         0
     2.0400     1.2411     0.0000         0
     2.0450     1.0901     0.0000         0
     2.0500     1.2166     0.0000         0
     2.0550     1.2926     0.0000         0
     2.0600     1.1940     0.0000         0
     2.0650     1.1570     0.0000         0
     2.0700     1.2618     0.0000         0
     2.0750     1.2076     0.0000         0
     2.0800     1.1696     0.0000         0
     2.0850     1.0774     0.0000         0
     2.0900     1.2103     0.0000         0
     2.0950     1.2655     0.0000         0
     2.1000     1.3034     0.0000         0
     2.1050     1.2537     0.0000         0
     2.1100     1.2853     0.0000         0
     2.1150     1.3170     0.0000         0
     2.1200     1.1760     0.0000         0
     2.1250     1.3450     0.0000         0
     2.1300     1.2528     0.0000         0
     2.1350     1.1751     0.0000         0
     2.1400     1.1832     0.0000         0
     2.1450     1.1823     0.0000         0
     2.1500     1.2293     0.0000         0
     2.1550     1.2718     0.0000         0
     2.1600     1.1832     0.0000         0
     2.1650     1.3016     0.0000         0
     2.1700     1.0847     0.0000         0
     2.1750     1.2591     0.0000         0
     2.1800     1.1217     0.0000         0
     2.1850     1.1226     0.0000         0
     2.1900     1.1751     0.0000         0
     2.1950     1.4444     0.0000         0
     2.2000     1.3233     0.0000         0
     2.2050     1.1507     0.0000         0
     2.2100     1.3215     0.0000         0
     2.2150     1.3088     0.0000         0
     2.2200     1.2058     0.0000         0
     2.2250     1.2546     0.0000         0
     2.2300     1.3965     0.0000         0
     2.2350     1.2826     0.0000         0
     2.2400     1.3161     0.0000         0
     2.2450     1.2555     0.0000         0
     2.2500     1.1959     0.0000         0
     2.2550     1.2971     0.0000         0
     2.2600     1.2537     0.0000         0
     2.2650     1.2646     0.0000         0
     2.2700     1.2926     0.0000         0
     2.2750     1.2682     0.0000         0
     2.2800     1.1922     0.0000         0
     2.2850     1.2275     0.0000         0
     2.2900     1.2763     0.0000         0
     2.2950     1.1968     0.0000         0
     2.3000     1.3152     0.0000         0
     2.3050     1.3116     0.0000         0
     2.3100     1.1733     0.0000         0
     2.3150     1.2076     0.0000         0
     2.3200     1.1172     0.0000         0
     2.3250     1.2537     0.0000         0
     2.3300     1.1479     0.0000         0
     2.3350     1.3323     0.0000         0
     2.3400     1.3504     0.0000         0
     2.3450     1.2944     0.0000         0
     2.3500     1.1172     0.0000         0
     2.3550     1.1091     0.0000         0
     2.3600     1.2872     0.0000         0
     2.3650     1.3812     0.0000         0
     2.3700     1.5430     0.0000         0
     2.3750     1.3739     0.0000         0
     2.3800    -1.0000    -1.0000         0
     2.3850     1.4254     0.0000         0
     2.3900     1.3649     0.0000         0
     2.3950     1.2257     0.0000         0
     2.4000     1.3432     0.0000         0
     2.4050     1.2908     0.0000         0
     2.4100     1.6415     0.0000         0
     2.4150     1.6297     0.0000         0
     2.4200     1.4390     0.0000         0
     2.4250     1.2203     0.0000         0
     2.4300     1.3983     0.0000         0
     2.4350     1.5646     0.0000         0
     2.4400     1.6198     0.0000         0
     2.4450     1.5158     0.0000         0
     2.4500    -1.0000    -1.0000         0
     2.4550     1.3034     0.0000         0
     2.4600    -1.0000    -1.0000         0
     2.4650    -1.0000    -1.0000         0
     2.4700    -1.0000    -1.0000         0
     2.4750    -1.0000    -1.0000         0
     2.4800    -1.0000    -1.0000         0
     2.4850    -1.0000    -1.0000         0
