    0.3675    0.7863    0.0334
    0.3700    0.7041    0.0292
    0.3725    0.7697    0.0345
    0.3750    0.7702    0.0147
    0.3775    0.7433    0.0119
    0.3800    0.8220    0.0133
    0.3825    0.8554    0.0202
    0.3850    0.7092    0.0170
    0.3875    0.7924    0.0163
    0.3900    0.7291    0.0157
    0.3950    0.7423    0.0213
    0.3975    0.7414    0.0225
    0.4000    0.7393    0.0161
    0.4025    0.7904    0.0180
    0.4050    0.8259    0.0224
    0.4075    0.7923    0.0210
    0.4100    0.8390    0.0202
    0.4125    0.8082    0.0193
    0.4150    0.8108    0.0456
    0.4175    0.8018    0.0483
    0.4200    0.8156    0.0475
    0.4225    0.8217    0.0212
    0.4250    0.7954    0.0218
    0.4275    0.8389    0.0230
    0.4300    0.9081    0.0272
    0.4325    0.7603    0.0231
    0.4350    0.8266    0.0274
    0.4375    0.8079    0.0272
    0.4400    0.7759    0.0232
    0.4425    0.7990    0.0220
    0.4450    0.8243    0.0223
    0.4475    0.8065    0.0219
    0.4500    0.8176    0.0216
    0.4525    0.8665    0.0228
    0.4550    0.8159    0.0227
    0.4575    0.8406    0.0228
    0.4600    0.8430    0.0231
    0.4625    0.8705    0.0229
    0.4650    0.8702    0.0240
    0.4675    0.8732    0.0252
    0.4700    0.8642    0.0250
    0.4725    0.8585    0.0246
    0.4750    0.8714    0.0249
    0.4775    0.8657    0.0242
    0.4800    0.8810    0.0241
    0.4825    0.8766    0.0247
    0.4850    0.9495    0.0277
    0.4875    0.9028    0.0283
    0.4900    0.9094    0.0268
    0.4925    0.9459    0.0271
    0.4950    0.9034    0.0260
    0.4975    0.9136    0.0281
    0.5000    0.9451    0.0295
    0.5025    0.9223    0.0291
    0.5050    0.9602    0.0293
    0.5075    0.9836    0.0304
    0.5100    0.9428    0.0286
    0.5125    0.9435    0.0276
    0.5150    0.9453    0.0294
    0.5200    0.9804    0.0330
    0.5350    0.9758    0.0044
    0.5375    1.0031    0.0044
    0.5400    1.0074    0.0046
    0.5425    1.0446    0.0049
    0.5450    1.0046    0.0057
    0.5475    0.9714    0.0061
    0.5500    1.0207    0.0059
    0.5525    1.0117    0.0056
    0.5550    1.0273    0.0063
    0.5575    0.9698    0.0141
    0.5600    0.9847    0.0145
    0.5625    1.0215    0.0102
    0.5650    1.0398    0.0062
    0.5675    1.0193    0.0070
    0.5700    0.9884    0.0073
    0.5725    1.0284    0.0071
    0.5750    1.0012    0.0112
    0.5775    1.0314    0.0076
    0.5800    1.0329    0.0078
    0.5825    1.0216    0.0077
    0.5850    1.0123    0.0079
    0.5875    1.0163    0.0099
    0.5900    1.0173    0.0111
    0.5925    1.0250    0.0101
    0.5950    1.0036    0.0088
    0.5975    1.0256    0.0086
    0.6000    1.0384    0.0085
    0.6025    1.0197    0.0083
    0.6050    1.0482    0.0081
    0.6075    1.0635    0.0081
    0.6100    1.0461    0.0083
    0.6125    1.0524    0.0085
    0.6150    1.0515    0.0088
    0.6175    1.0911    0.0090
    0.6200    1.0886    0.0088
    0.6225    1.0677    0.0089
    0.6250    1.0882    0.0093
    0.6275    1.0807    0.0098
    0.6300    1.0588    0.0104
    0.6325    1.0613    0.0102
    0.6350    1.0480    0.0094
    0.6375    1.0678    0.0094
    0.6400    1.0506    0.0090
    0.6425    1.0811    0.0089
    0.6450    1.0898    0.0091
    0.6475    1.0882    0.0093
    0.6500    1.0950    0.0095
    0.6525    1.0934    0.0096
    0.6550    1.0472    0.0098
    0.6825    1.1184    0.0159
    0.6850    1.0716    0.0106
    0.6875    1.0908    0.0110
    0.6900    1.1137    0.0108
    0.6925    1.0942    0.0107
    0.6950    1.1023    0.0106
    0.6975    1.0977    0.0104
    0.7000    1.0791    0.0102
    0.7025    1.1091    0.0101
    0.7050    1.0925    0.0101
    0.7075    1.0865    0.0101
    0.7100    1.0970    0.0100
    0.7125    1.0706    0.0100
    0.7150    1.0501    0.0101
    0.7175    1.0347    0.0136
    0.7200    1.1009    0.0108
    0.7225    1.0507    0.0119
    0.7250    1.0547    0.0133
    0.7275    1.0590    0.0135
    0.7300    1.0888    0.0137
    0.7325    1.0717    0.0135
    0.7350    1.0716    0.0134
    0.7375    1.0663    0.0128
    0.7400    1.0740    0.0123
    0.7425    1.0827    0.0119
    0.7450    1.0870    0.0120
    0.7475    1.0770    0.0121
    0.7500    1.0760    0.0126
    0.7525    1.0706    0.0126
    0.7550    1.0745    0.0128
    0.7675    1.0731    0.0180
    0.7700    1.0157    0.0195
    0.7725    1.0878    0.0215
    0.7750    1.0998    0.0209
    0.7775    1.1187    0.0168
    0.7800    1.0686    0.0168
    0.7825    1.0670    0.0178
    0.7850    1.1105    0.0187
    0.7875    1.0488    0.0186
    0.7900    1.0471    0.0190
    0.7925    1.0685    0.0194
    0.7950    1.1361    0.0188
    0.7975    1.0442    0.0189
    0.8000    1.1102    0.0191
    0.8025    1.0494    0.0176
    0.8050    1.0722    0.0167
    0.8075    1.0568    0.0157
    0.8100    1.1082    0.0154
    0.8125    1.0844    0.0153
    0.8150    1.0766    0.0161
    0.8175    1.0762    0.0186
    0.8200    1.0626    0.0189
    0.8225    1.0939    0.0173
    0.8250    1.1022    0.0311
    0.8275    1.0807    0.0260
    0.8300    1.1195    0.0227
    0.8325    1.0883    0.0247
    0.8350    1.0646    0.0247
    0.8375    1.0649    0.0242
    0.8400    1.1006    0.0249
    0.8425    1.0493    0.0253
    0.8450    1.1154    0.0245
    0.8475    1.0237    0.0218
    0.8500    0.9619    0.0246
    0.8525    1.0485    0.0242
    0.8550    1.1458    0.0233
    0.8575    1.0958    0.0223
    0.8600    1.1666    0.0260
    0.8625    1.0456    0.0297
    0.8650    1.0289    0.0337
    0.8675    1.0262    0.0296
    0.8700    1.1172    0.0249
    0.8725    1.0727    0.0251
    0.8750    1.0085    0.0340
    0.8775    0.9895    0.0356
    0.8800    1.1640    0.0371
    0.8825    1.1049    0.0380
    0.8850    1.1028    0.0320
    0.8875    1.0070    0.0313
    0.8900    1.0265    0.0335
    0.8925    0.9552    0.0328
    0.8950    1.0583    0.0300
    0.8975    1.0442    0.0297
    0.9000    1.0756    0.0271
    0.9025    1.0859    0.0244
    0.9050    1.0296    0.0231
    0.9075    1.0784    0.0230
    0.9100    1.0361    0.0216
    0.9125    1.0168    0.0216
    0.9150    1.0340    0.0219
    0.9175    1.0755    0.0212
    0.9200    1.1428    0.0348

    0.6500   -1.0000   -1.0000         4
    0.6550   -1.0000   -1.0000         4
    0.6600   -1.0000   -1.0000         4
    0.6650   -1.0000   -1.0000         4
    0.6700   -1.0000   -1.0000         4
    0.6750   -1.0000   -1.0000         4
    0.6800   -1.0000   -1.0000         4
    0.6850   -1.0000   -1.0000         4
    0.6900   -1.0000   -1.0000         4
    0.6950   -1.0000   -1.0000         4
    0.7000   -1.0000   -1.0000         4
    0.7050   -1.0000   -1.0000         4
    0.7100   -1.0000   -1.0000         4
    0.7150   -1.0000   -1.0000         4
    0.7200   -1.0000   -1.0000         4
    0.7250   -1.0000   -1.0000         4
    0.7300   -1.0000   -1.0000         4
    0.7350   -1.0000   -1.0000         4
    0.7400   -1.0000   -1.0000         4
    0.7450   -1.0000   -1.0000         4
    0.7500   -1.0000   -1.0000         4
    0.7550   -1.0000   -1.0000         4
    0.7600   -1.0000   -1.0000         4
    0.7650   -1.0000   -1.0000         4
    0.7700   -1.0000   -1.0000         4
    0.7750   -1.0000   -1.0000         4
    0.7800   -1.0000   -1.0000         4
    0.7850   -1.0000   -1.0000         4
    0.7900   -1.0000   -1.0000         4
    0.7950   -1.0000   -1.0000         4
    0.8000   -1.0000   -1.0000         4
    0.8050    0.8754    0.0860         4
    0.8100    0.9681    0.0948         4
    0.8150    0.8766    0.0689         4
    0.8200    0.8743    0.0711         4
    0.8250    0.9764    0.0717         4
    0.8300    0.9875    0.0725         4
    0.8350    0.9450    0.0694         4
    0.8400    0.8564    0.0640         4
    0.8450    0.8312    0.0633         4
    0.8500    0.9109    0.0682         4
    0.8550    0.9634    0.0715         4
    0.8600    0.9499    0.0780         4
    0.8650    0.9034    0.0688         4
    0.8700    0.8708    0.0672         4
    0.8750    0.8116    0.0667         4
    0.8800    0.9222    0.0802         4
    0.8850    0.8944    0.0602         4
    0.8900    0.7827    0.0563         4
    0.8950    0.7899    0.0627         4
    0.9000    0.9036    0.0658         4
    0.9050    0.9208    0.0569         4
    0.9100    0.9060    0.0571         4
    0.9150    0.9739    0.0627         4
    0.9200    0.9144    0.0587         4
    0.9250    0.9102    0.0630         4
    0.9300    0.9651    0.0640         4
    0.9350    1.0191    0.0718         4
    0.9400    0.9274    0.0721         4
    0.9450    0.9117    0.0606         4
    0.9500    0.9601    0.0622         4
    0.9550    0.8910    0.0570         4
    0.9600    0.8405    0.0596         4
    0.9650    0.9426    0.0615         4
    0.9700    0.8919    0.0555         4
    0.9750    0.8751    0.0594         4
    0.9800    0.9973    0.0605         4
    0.9850    0.9107    0.0614         4
    0.9900    0.8646    0.0519         4
    0.9950    0.8818    0.0524         4
    1.0000    0.9737    0.0601         4
    1.0050    1.0435    0.0579         4
    1.0100    0.9740    0.0597         4
    1.0150    0.9833    0.0567         4
    1.0200    1.0734    0.0629         4
    1.0250    1.0113    0.0530         4
    1.0300    0.9643    0.0572         4
    1.0350    1.0297    0.0561         4
    1.0400    0.9829    0.0534         4
    1.0450    0.9406    0.0524         4
    1.0500    1.0089    0.0555         4
    1.0550    0.9571    0.0504         4
    1.0600    0.9115    0.0552         4
    1.0650    0.9740    0.0568         4
    1.0700    1.0103    0.0600         4
    1.0750    1.0479    0.0581         4
    1.0800    1.1211    0.0629         4
    1.0850    1.0498    0.0539         4
    1.0900    0.9641    0.0553         4
    1.0950    0.9427    0.0549         4
    1.1000    0.9491    0.0584         4
    1.1050    0.9731    0.0548         4
    1.1100    0.9443    0.0596         4
    1.1150    0.9341    0.0600         4
    1.1200    0.9447    0.0693         4
    1.1250    0.9420    0.0643         4
    1.1300    0.9312    0.0592         4
    1.1350    0.9341    0.0711         3
    1.1400    0.9962    0.0649         4
    1.1450    1.0829    0.0603         4
    1.1500    1.0550    0.0650         4
    1.1550    1.0492    0.0939         1
    1.1600    1.0690    0.0623         4
    1.1650    0.9256    0.0569         4
    1.1700    0.9761    0.0561         4
    1.1750    1.0307    0.0588         4
    1.1800    1.0259    0.0579         4
    1.1850    1.0587    0.0629         4
    1.1900    1.0170    0.0519         4
    1.1950    0.9656    0.0608         4
    1.2000    1.0121    0.0549         4
    1.2050    1.0493    0.0587         4
    1.2100    1.0054    0.0539         4
    1.2150    1.0790    0.0664         4
    1.2200    1.0742    0.0533         4
    1.2250    0.9741    0.0636         4
    1.2300    0.9854    0.0546         4
    1.2350    0.9508    0.0567         4
    1.2400    1.0481    0.0569         4
    1.2450    1.0185    0.0666         4
    1.2500    0.9464    0.0541         4
    1.2550    0.9788    0.0561         4
    1.2600    0.9644    0.0538         4
    1.2650    1.0198    0.0638         4
    1.2700    0.9866    0.0539         4
    1.2750    0.9309    0.0617         4
    1.2800    1.0730    0.0602         4
    1.2850    1.1052    0.0625         4
    1.2900   -1.0000   -1.0000         0
    1.2950    1.0803    0.0521         4
    1.3000    1.0417    0.0531         4
    1.3050    1.1333    0.0747         4
    1.3100    1.1308    0.0564         2
    1.3150    1.1030    0.0608         4
    1.3200    1.0443    0.0560         4
    1.3250    1.0280    0.0578         4
    1.3300    1.0252    0.0527         4
    1.3350    1.0329    0.0614         4
    1.3400    1.0830    0.0669         4
    1.3450    1.0818    0.0798         4
    1.3500    1.0427    0.0872         4
    1.3550    0.9430    0.1008         4
    1.3600    1.0417    0.1100         4
    1.3650    0.9734    0.1156         4
    1.3700    1.0497    0.1079         4
    1.3750    1.0980    0.1024         4
    1.3800    1.0334    0.1101         4
    1.3850    0.9857    0.1116         4
    1.3900    1.0695    0.0919         4
    1.3950    0.9147    0.0974         4
    1.4000    1.0850    0.0925         4
    1.4050    0.8443    0.0808         2
    1.4100    1.0315    0.1081         4
    1.4150    1.2849    0.0835         1
    1.4200    0.8267    0.0613         4
    1.4250    0.9731    0.0630         2
    1.4300    1.0563    0.0612         2
    1.4350    0.9793    0.0687         4
    1.4400    0.9396    0.0805         4
    1.4450    0.8358    0.0765         4
    1.4500    0.8201    0.0573         4
    1.4550    0.9811    0.0576         2
    1.4600    0.9529    0.0585         4
    1.4650    0.9281    0.0795         4
    1.4700    0.9660    0.0746         4
    1.4750    0.9715    0.0674         4
    1.4800    0.9790    0.0702         4
    1.4850    1.0041    0.0713         4
    1.4900    0.9546    0.0595         4
    1.4950    0.9387    0.0687         4
    1.5000    0.9608    0.0577         4
    1.5050    0.9527    0.0597         4
    1.5100    1.0762    0.0646         4
    1.5150    1.0671    0.0702         4
    1.5200    1.0641    0.0724         4
    1.5250    1.1519    0.0594         4
    1.5300    1.0496    0.0664         4
    1.5350    1.2053    0.0761         4
    1.5400    1.1623    0.0639         4
    1.5450    0.9978    0.0642         4
    1.5500    0.9660    0.0544         4
    1.5550    0.9876    0.0612         4
    1.5600    0.9914    0.0643         4
    1.5650    1.0014    0.0634         4
    1.5700    0.9157    0.0530         4
    1.5750    0.9260    0.0588         4
    1.5800    1.1294    0.0738         4
    1.5850    1.2642    0.0832         4
    1.5900    1.3435    0.0701         4
    1.5950    1.3116    0.0665         4
    1.6000    1.2485    0.0769         3
    1.6050    0.8918    0.0810         1
    1.6100    1.0794    0.0563         4
    1.6150    0.8580    0.0625         4
    1.6200    0.9817    0.0664         4
    1.6250    1.0834    0.0541         4
    1.6300    1.0220    0.0775         4
    1.6350    1.1145    0.0732         4
    1.6400    0.9600    0.0652         4
    1.6450    0.8261    0.0644         4
    1.6500    0.7758    0.0728         4
    1.6550    0.9721    0.0529         4
    1.6600    0.9623    0.0589         4
    1.6650    1.1269    0.0823         4
    1.6700    1.2304    0.0735         4
    1.6750    1.1412    0.0795         4
    1.6800    1.1758    0.0719         4
    1.6850    1.0846    0.0780         4
    1.6900    1.2013    0.0786         4
    1.6950    1.0735    0.0857         4
    1.7000    1.0153    0.0765         4
    1.7050    0.8378    0.0473         4
    1.7100    0.8210    0.0738         4
    1.7150    1.1209    0.0784         4
    1.7200    1.0739    0.0860         4
    1.7250    1.1097    0.0720         4
    1.7300    0.9672    0.0682         4
    1.7350    0.9403    0.0738         4
    1.7400    0.9942    0.0585         4
    1.7450    0.8623    0.0739         4
    1.7500    1.0247    0.0859         4
    1.7550    1.0103    0.0633         4
    1.7600    0.7020    0.0699         4
    1.7650    1.1120    0.0783         4
    1.7700    1.2395    0.0780         4
    1.7750    1.2297    0.0795         4
    1.7800    1.1919    0.0778         4
    1.7850    1.1017    0.0802         4
    1.7900    0.9622    0.0701         4
    1.7950    0.8194    0.0793         4
    1.8000    0.8300    0.0847         4
    1.8050    0.9500    0.1031         4
    1.8100    1.0383    0.0781         4
    1.8150    0.7820    0.1005         4
    1.8200    1.1003    0.1149         4
    1.8250    1.2375    0.1333         4
    1.8300    0.8976    0.0908         3
    1.8350    1.1197    0.1615         1
    1.8400    1.0296    0.2073         4
    1.8450    1.0246    0.1498         4
    1.8500    0.7931    0.1960         4
    1.8550    1.0676    0.1746         4
    1.8600    0.9131    0.1598         4
    1.8650    0.9270    0.1845         4
    1.8700    1.2601    0.2536         4
    1.8750    1.3717    0.2260         4
    1.8800    1.2925    0.2860         4
    1.8850    0.9925    0.1188         3
    1.8900    0.9397    0.1285         1
    1.8950    0.8677    0.1420         4
    1.9000    0.9492    0.1455         4
    1.9050    0.9438    0.1828         4
    1.9100    1.0898    0.1694         4
    1.9150    0.7646    0.1368         4
    1.9200    0.6890    0.1246         3
    1.9250    0.6964    0.1261         4
    1.9300    0.6818    0.1209         2
    1.9350    0.8366    0.1166         4
    1.9400    1.2179    0.1593         4
    1.9450    1.5138    0.1729         2
    1.9500    1.5153    0.1586         4
    1.9550    1.3263    0.1373         4
    1.9600    1.1023    0.1389         4
    1.9650    1.1400    0.1413         4
    1.9700    1.3696    0.1722         3
    1.9750   -1.0000   -1.0000         0
    1.9800    1.5056    0.1527         1
    1.9850    1.4412    0.1104         4
    1.9900    1.1449    0.1005         4
    1.9950    1.2154    0.1164         4
    2.0000    1.2172    0.1144         4
    2.0050    1.1062    0.1537         3
    2.0100    0.8771    0.0953         3
    2.0150    0.8384    0.1702         1
    2.0200    0.8083    0.1134         4
    2.0250    0.7981    0.1292         4
    2.0300    0.9980    0.0947         4
    2.0350    1.2896    0.1432         4
    2.0400    1.2857    0.1325         1
    2.0450    1.3723    0.1093         4
    2.0500    1.5207    0.1624         4
    2.0550    1.2010    0.1272         2
    2.0600    0.9572    0.1082         4
    2.0650    1.1108    0.1276         4
    2.0700    1.2990    0.1140         4
    2.0750    1.0243    0.1001         4
    2.0800    0.9283    0.0965         4
    2.0850    1.0678    0.1001         4
    2.0900    1.1320    0.1048         4
    2.0950    0.9976    0.0883         4
    2.1000    1.0333    0.1073         4
    2.1050    1.3336    0.1299         4
    2.1100    1.3202    0.1200         4
    2.1150    1.1396    0.1045         4
    2.1200    1.1908    0.1122         4
    2.1250    1.1002    0.0861         4
    2.1300    1.1352    0.1238         4
    2.1350    1.4789    0.1175         4
    2.1400    1.4080    0.1135         4
    2.1450    1.3523    0.1165         4
    2.1500    1.3994    0.1348         4
    2.1550    1.1500    0.1025         4
    2.1600    0.9162    0.1254         4
    2.1650    1.2717    0.1148         4
    2.1700    1.0734    0.1152         4
    2.1750    1.4315    0.1589         4
    2.1800    1.2101    0.1508         1
    2.1850    1.2495    0.1222         4
    2.1900    1.0271    0.1254         4
    2.1950    0.9853    0.0966         4
    2.2000    0.9865    0.1286         4
    2.2050    1.1611    0.1100         4
    2.2100    1.0244    0.1306         3
    2.2150   -1.0000   -1.0000         0
    2.2200    1.0615    0.1494         1
    2.2250    1.2001    0.1267         4
    2.2300    1.2696    0.1764         3
    2.2350    1.5020    0.1785         1
    2.2400    1.5297    0.1490         4
    2.2450    1.2628    0.1482         4
    2.2500    1.1926    0.1218         4
    2.2550    1.1835    0.1572         4
    2.2600    1.4053    0.1635         4
    2.2650    1.3283    0.1361         4
    2.2700    1.2590    0.1494         4
    2.2750    1.3200    0.1461         4
    2.2800    1.1315    0.1350         4
    2.2850    0.9356    0.1433         4
    2.2900    0.9919    0.1191         4
    2.2950    0.9647    0.1641         4
    2.3000    1.2055    0.1409         4
    2.3050    1.3187    0.1487         4
    2.3100    1.4535    0.1754         4
    2.3150    1.2578    0.1207         4
    2.3200    1.0730    0.1608         4
    2.3250    1.2022    0.1204         4
    2.3300    1.2697    0.1895         4
    2.3350    1.2383    0.1903         1
    2.3400    1.2187    0.1386         4
    2.3450    0.9812    0.1479         4
    2.3500    0.9852    0.1405         4
    2.3550    1.1431    0.1579         4
    2.3600    1.1528    0.1387         4
    2.3650    1.1632    0.1749         4
    2.3700    1.2452    0.1324         4
    2.3750    1.0725    0.1517         4
    2.3800    1.0766    0.1122         3
    2.3850    0.7369    0.1161         1
    2.3900    0.7005    0.1280         3
    2.3950    0.8664    0.1314         4
    2.4000    1.2313    0.2013         4
    2.4050    1.0101    0.1772         1
    2.4100    1.0983    0.1584         4
    2.4150    0.8638    0.1575         4
    2.4200    0.8661    0.1272         4
    2.4250    0.7144    0.1447         4
    2.4300    0.9332    0.1700         4
    2.4350    1.1884    0.1820         4
    2.4400    1.2343    0.1781         4
    2.4450    0.9369    0.1109         4
    2.4500    0.8318    0.1888         4
    2.4550    1.1751    0.1315         4
    2.4600    0.7881    0.1374         3
    2.4650    1.2735    0.2243         3
    2.4700   -1.0000   -1.0000         0
    2.4750    0.8288    0.1601         1
    2.4800    0.8405    0.1966         4
    2.4850    0.8489    0.1802         4
    2.4900    0.6613    0.1924         4
