 0.4900	 0.9354	 0.0186
 0.4925	 0.8811	 0.0281
 0.4950	 0.9062	 0.0211
 0.4975	 0.9039	 0.0258
 0.5000	 0.9186	 0.0138
 0.5025	 0.9040	 0.0193
 0.5050	 0.9032	 0.0323
 0.5075	 0.9018	 0.0231
 0.5100	 0.9278	 0.0358
 0.5125	 0.9601	 0.0304
 0.5150	 0.9451	 0.0335
 0.5175	 0.9572	 0.0291
 0.5200	 0.9634	 0.0260
 0.5225	 0.9360	 0.0235
 0.5250	 0.9619	 0.0367
 0.5275	 0.9830	 0.0241
 0.5300	 0.9242	 0.0265
 0.5325	 0.9261	 0.0261
 0.5350	 0.9652	 0.0260
 0.5375	 0.9632	 0.0249
 0.5400	 0.9888	 0.0168
 0.5425	 0.9594	 0.0237
 0.5450	 0.9834	 0.0214
 0.5475	 1.0079	 0.0163
 0.5500	 0.9802	 0.0307
 0.5525	 0.9328	 0.0209
 0.5550	 0.9785	 0.0601
 0.5600	 0.9530	 0.0421
 0.5625	 1.0021	 0.0190
 0.5650	 0.9655	 0.0334
 0.5675	 1.0182	 0.0277
 0.5700	 1.0341	 0.0417
 0.5725	 1.0196	 0.0298
 0.5750	 1.0244	 0.0265
 0.5775	 1.0716	 0.0135
 0.5800	 1.0662	 0.0183
 0.5825	 1.0649	 0.0413
 0.5850	 1.0805	 0.0495
 0.5875	 1.0915	 0.0572
 0.5925	 1.1242	 0.0340
 0.5950	 1.1107	 0.0089
 0.5975	 1.1021	 0.0392
 0.6000	 1.0696	 0.0368
 0.6025	 1.0803	 0.0534
 0.6050	 1.0694	 0.0237
 0.6075	 1.0885	 0.0455
 0.6125	 1.0724	 0.0154
 0.6150	 1.1291	 0.0267
 0.6175	 1.0838	 0.0325
 0.6200	 1.0573	 0.0184
 0.6225	 1.1223	 0.0238
 0.6250	 1.0965	 0.0062
 0.6300	 1.0488	 0.0380
 0.6325	 1.0937	 0.0294
 0.6350	 1.1285	 0.0490
 0.6375	 1.0593	 0.0441
 0.6400	 1.1072	 0.0336
 0.6425	 1.0606	 0.0144
 0.6450	 1.0854	 0.0549
 0.6475	 1.0688	 0.0308
 0.6500	 1.0364	 0.0444
 0.6525	 1.0967	 0.0309
 0.6550	 1.1087	 0.0339
 0.6575	 1.1176	 0.0256
 0.6600	 1.1177	 0.0524
 0.6625	 1.0978	 0.0256
 0.6650	 1.0976	 0.0270
 0.6675	 1.1299	 0.0291
 0.6700	 1.1338	 0.0368
 0.6725	 1.1731	 0.0337
 0.6750	 1.1327	 0.0389
 0.6775	 1.1975	 0.0220
 0.6800	 1.1798	 0.0587
 0.6825	 1.1779	 0.0165
 0.6850	 1.1052	 0.0372
 0.6875	 1.1330	 0.0469
 0.6900	 1.0636	 0.0279
 0.6925	 1.1216	 0.0259
 0.6950	 1.1460	 0.0287
 0.6975	 1.1149	 0.0297
 0.7000	 1.1198	 0.0561
 0.7025	 1.1375	 0.0511
 0.7050	 1.0747	 0.0450
 0.7075	 1.1704	 0.0199
 0.7100	 1.1201	 0.0296
 0.7125	 1.1133	 0.0221
 0.7150	 1.1354	 0.0144
 0.7175	 1.1316	 0.0506
 0.7200	 1.1088	 0.0348
 0.7225	 1.1567	 0.0440
 0.7250	 1.1710	 0.0608
 0.7275	 1.2305	 0.0444
 0.7300	 1.1706	 0.0296
 0.7325	 1.1911	 0.0538
 0.7350	 1.1553	 0.0262
 0.7375	 1.2161	 0.0591
 0.7400	 1.2089	 0.0258
 0.7425	 1.2061	 0.0404
 0.7450	 1.2043	 0.0525
 0.7475	 1.2801	 0.0419
 0.7500	 1.1828	 0.0545
 0.7525	 1.0310	 0.0265
 0.7600	 1.2437	 0.0731
 0.7650	 1.1889	 0.0274
 0.7675	 1.1536	 0.0272
 0.7725	 1.2196	 0.0616
 0.7750	 1.1289	 0.0661
 0.7775	 1.2118	 0.0757
 0.7800	 1.1441	 0.0455
 0.7825	 1.1438	 0.0396
 0.7850	 1.0981	 0.0076
 0.7875	 1.0225	 0.0252
 0.7900	 1.0595	 0.0660
 0.7925	 1.1242	 0.0363
 0.8000	 1.0920	 0.0287
 0.8025	 1.0506	 0.0667
 0.8050	 1.1283	 0.1153
 0.8075	 1.1434	 0.0495
 0.8100	 1.1908	 0.0187
 0.8125	 1.1853	 0.0432
 0.8150	 1.1356	 0.0429
 0.8175	 1.1937	 0.0127
 0.8200	 1.2281	 0.0449
 0.8225	 1.2126	 0.0301
 0.8250	 1.1885	 0.0544
 0.8350	 1.0319	 0.0385
 0.8375	 1.1193	 0.0256
 0.8400	 0.9948	 0.0262
 0.8500	 1.0340	 0.0284
 0.8525	 1.1089	 0.0353
 0.8550	 1.0896	 0.0555
 0.8575	 0.9921	 0.0441
 0.8600	 1.0149	 0.0617
 0.8625	 1.2309	 0.0278
 0.8650	 1.1374	 0.0185
 0.8725	 1.2388	 0.0433
 0.8800	 1.1318	 0.0756
 0.8875	 1.0527	 0.1436
 0.9025	 1.1420	 0.0113
 0.9050	 1.1051	 0.0514
 0.9075	 1.1009	 0.0371
 0.9100	 1.0533	 0.0567
 0.9125	 1.0672	 0.0331
 0.9150	 1.0828	 0.0421
 0.9175	 1.0014	 0.0562
 0.9200	 1.0605	 0.0313
 0.9225	 1.0392	 0.0303
 0.9250	 1.0348	 0.0126
 0.9275	 1.0330	 0.0511
 0.9325	 1.0404	 0.0954
 0.9375	 0.9945	 0.0693
 0.9475	 1.0910	 0.0664
 0.9500	 1.1494	 0.0386
 0.9525	 1.0266	 0.0864
 0.9550	 1.1723	 0.0557
 0.9575	 1.0288	 0.0294
 0.9600	 1.1111	 0.0453
 0.9625	 1.0470	 0.0459
 0.9650	 1.1236	 0.0643
 0.9675	 1.1724	 0.1170
 0.9700	 0.0000	 0.0434
