    0.6500   -1.0000   -1.0000
    0.6550   -1.0000   -1.0000
    0.6600   -1.0000   -1.0000
    0.6650   -1.0000   -1.0000
    0.6700   -1.0000   -1.0000
    0.6750   -1.0000   -1.0000
    0.6800   -1.0000   -1.0000
    0.6850   -1.0000   -1.0000
    0.6900   -1.0000   -1.0000
    0.6950   -1.0000   -1.0000
    0.7000   -1.0000   -1.0000
    0.7050   -1.0000   -1.0000
    0.7100   -1.0000   -1.0000
    0.7150   -1.0000   -1.0000
    0.7200   -1.0000   -1.0000
    0.7250   -1.0000   -1.0000
    0.7300   -1.0000   -1.0000
    0.7350   -1.0000   -1.0000
    0.7400   -1.0000   -1.0000
    0.7450   -1.0000   -1.0000
    0.7500   -1.0000   -1.0000
    0.7550   -1.0000   -1.0000
    0.7600   -1.0000   -1.0000
    0.7650   -1.0000   -1.0000
    0.7700   -1.0000   -1.0000
    0.7750   -1.0000   -1.0000
    0.7800   -1.0000   -1.0000
    0.7850   -1.0000   -1.0000
    0.7900   -1.0000   -1.0000
    0.7950   -1.0000   -1.0000
    0.8000    0.5935    0.5935
    0.8050    0.5988    0.5988
    0.8100    0.5693    0.5693
    0.8150    0.5510    0.5510
    0.8200    0.5364    0.5364
    0.8250    0.5187    0.5187
    0.8300    0.4993    0.4993
    0.8350    0.4907    0.4907
    0.8400    0.4752    0.4752
    0.8450    0.4720    0.4720
    0.8500    0.4710    0.4710
    0.8550    0.4578    0.4578
    0.8600    0.4413    0.4413
    0.8650    0.4315    0.4315
    0.8700    0.4246    0.4246
    0.8750    0.4111    0.4111
    0.8800    0.4040    0.4040
    0.8850    0.3999    0.3999
    0.8900    0.4031    0.4031
    0.8950    0.3862    0.3863
    0.9000    0.3776    0.3776
    0.9050    0.3703    0.3703
    0.9100    0.3605    0.3605
    0.9150    0.3562    0.3562
    0.9200    0.3537    0.3537
    0.9250    0.3523    0.3523
    0.9300    0.3464    0.3464
    0.9350    0.3414    0.3414
    0.9400    0.3285    0.3285
    0.9450    0.3229    0.3229
    0.9500    0.3086    0.3086
    0.9550    0.3195    0.3195
    0.9600    0.3243    0.3243
    0.9650    0.3342    0.3342
    0.9700    0.3480    0.3480
    0.9750    0.3622    0.3623
    0.9800    0.3838    0.3838
    0.9850    0.3919    0.3919
    0.9900    0.4043    0.4043
    0.9950    0.4168    0.4168
    1.0000    0.4369    0.4369
    1.0050    0.4462    0.4462
    1.0100    0.4610    0.4610
    1.0150    0.4730    0.4730
    1.0200    0.4907    0.4907
    1.0250    0.5050    0.5050
    1.0300    0.5106    0.5106
    1.0350    0.5278    0.5278
    1.0400    0.5471    0.5471
    1.0450    0.5607    0.5607
    1.0500    0.5845    0.5845
    1.0550    0.5872    0.5872
    1.0600    0.6154    0.6154
    1.0650    0.6346    0.6346
    1.0700    0.6471    0.6471
    1.0750    0.6687    0.6687
    1.0800    0.6831    0.6831
    1.0850    0.6951    0.6951
    1.0900    0.7064    0.7064
    1.0950    0.7168    0.7168
    1.1000    0.7347    0.7347
    1.1050    0.7461    0.7461
    1.1100   -1.0000   -1.0000
    1.1150   -1.0000   -1.0000
    1.1200   -1.0000   -1.0000
    1.1250   -1.0000   -1.0000
    1.1300   -1.0000   -1.0000
    1.1350   -1.0000   -1.0000
    1.1400   -1.0000   -1.0000
    1.1450   -1.0000   -1.0000
    1.1500   -1.0000   -1.0000
    1.1550   -1.0000   -1.0000
    1.1600   -1.0000   -1.0000
    1.1650   -1.0000   -1.0000
    1.1700    0.8510    0.8510
    1.1750    0.8621    0.8621
    1.1800    0.8809    0.8809
    1.1850    0.8896    0.8896
    1.1900    0.9002    0.9002
    1.1950    0.9147    0.9147
    1.2000    0.9263    0.9263
    1.2050    0.9208    0.9208
    1.2100    0.9297    0.9297
    1.2150    0.9357    0.9357
    1.2200    0.9424    0.9424
    1.2250    0.9510    0.9510
    1.2300    0.9552    0.9552
    1.2350    0.9698    0.9698
    1.2400    0.9828    0.9828
    1.2450    0.9990    0.9990
    1.2500    0.9917    0.9917
    1.2550    0.9920    0.9920
    1.2600    0.9909    0.9909
    1.2650    0.9863    0.9863
    1.2700    0.9718    0.9718
    1.2750    0.9905    0.9905
    1.2800    0.9954    0.9954
    1.2850    1.0042    1.0042
    1.2900    1.0047    1.0047
    1.2950    1.0150    1.0150
    1.3000    1.0000    1.0000
    1.3050    1.0050    1.0050
    1.3100    0.9914    0.9914
    1.3150    0.9902    0.9902
    1.3200    0.9871    0.9871
    1.3250    0.9739    0.9739
    1.3300    0.9584    0.9584
    1.3350    0.9348    0.9348
    1.3400    0.9239    0.9239
    1.3450   -1.0000   -1.0000
    1.3500   -1.0000   -1.0000
    1.3550   -1.0000   -1.0000
    1.3600   -1.0000   -1.0000
    1.3650   -1.0000   -1.0000
    1.3700   -1.0000   -1.0000
    1.3750   -1.0000   -1.0000
    1.3800   -1.0000   -1.0000
    1.3850   -1.0000   -1.0000
    1.3900   -1.0000   -1.0000
    1.3950   -1.0000   -1.0000
    1.4000   -1.0000   -1.0000
    1.4050   -1.0000   -1.0000
    1.4100   -1.0000   -1.0000
    1.4150   -1.0000   -1.0000
    1.4200   -1.0000   -1.0000
    1.4250   -1.0000   -1.0000
    1.4300   -1.0000   -1.0000
    1.4350   -1.0000   -1.0000
    1.4400   -1.0000   -1.0000
    1.4450   -1.0000   -1.0000
    1.4500   -1.0000   -1.0000
    1.4550   -1.0000   -1.0000
    1.4600   -1.0000   -1.0000
    1.4650   -1.0000   -1.0000
    1.4700   -1.0000   -1.0000
    1.4750   -1.0000   -1.0000
    1.4800   -1.0000   -1.0000
    1.4850   -1.0000   -1.0000
    1.4900   -1.0000   -1.0000
    1.4950   -1.0000   -1.0000
    1.5000   -1.0000   -1.0000
    1.5050   -1.0000   -1.0000
    1.5100    0.8700    0.8700
    1.5150    0.8369    0.8369
    1.5200    0.8471    0.8471
    1.5250    0.8435    0.8435
    1.5300    0.8577    0.8577
    1.5350    0.8353    0.8353
    1.5400    0.8262    0.8262
    1.5450    0.8209    0.8209
    1.5500    0.8429    0.8429
    1.5550    0.8191    0.8191
    1.5600    0.8043    0.8043
    1.5650    0.7896    0.7897
    1.5700    0.7854    0.7855
    1.5750    0.7678    0.7679
    1.5800    0.7455    0.7455
    1.5850    0.7487    0.7487
    1.5900    0.7586    0.7586
    1.5950    0.7225    0.7225
    1.6000    0.7214    0.7214
    1.6050    0.7232    0.7232
    1.6100    0.7224    0.7224
    1.6150    0.7088    0.7088
    1.6200    0.7188    0.7188
    1.6250    0.6838    0.6839
    1.6300    0.6872    0.6872
    1.6350    0.6824    0.6824
    1.6400    0.6578    0.6578
    1.6450    0.6531    0.6531
    1.6500    0.6664    0.6664
    1.6550    0.6672    0.6673
    1.6600    0.6563    0.6563
    1.6650    0.6535    0.6535
    1.6700    0.6350    0.6350
    1.6750    0.6419    0.6419
    1.6800    0.6161    0.6161
    1.6850    0.6189    0.6189
    1.6900    0.6094    0.6094
    1.6950    0.6066    0.6066
    1.7000    0.5878    0.5878
    1.7050    0.5852    0.5852
    1.7100    0.5859    0.5859
    1.7150    0.5878    0.5878
    1.7200    0.5765    0.5765
    1.7250    0.5673    0.5673
    1.7300    0.5601    0.5601
    1.7350    0.5419    0.5419
    1.7400    0.5765    0.5765
    1.7450    0.5529    0.5529
    1.7500    0.5264    0.5264
    1.7550    0.5314    0.5314
    1.7600    0.5265    0.5265
    1.7650    0.5155    0.5155
    1.7700    0.5101    0.5101
    1.7750    0.4775    0.4775
    1.7800    0.5105    0.5105
    1.7850    0.4825    0.4825
    1.7900    0.4647    0.4647
    1.7950    0.4300    0.4300
    1.8000   -1.0000   -1.0000
    1.8050   -1.0000   -1.0000
    1.8100   -1.0000   -1.0000
    1.8150   -1.0000   -1.0000
    1.8200   -1.0000   -1.0000
    1.8250   -1.0000   -1.0000
    1.8300   -1.0000   -1.0000
    1.8350   -1.0000   -1.0000
    1.8400   -1.0000   -1.0000
    1.8450   -1.0000   -1.0000
    1.8500   -1.0000   -1.0000
    1.8550   -1.0000   -1.0000
    1.8600   -1.0000   -1.0000
    1.8650   -1.0000   -1.0000
    1.8700   -1.0000   -1.0000
    1.8750   -1.0000   -1.0000
    1.8800   -1.0000   -1.0000
    1.8850   -1.0000   -1.0000
    1.8900   -1.0000   -1.0000
    1.8950   -1.0000   -1.0000
    1.9000   -1.0000   -1.0000
    1.9050   -1.0000   -1.0000
    1.9100   -1.0000   -1.0000
    1.9150   -1.0000   -1.0000
    1.9200   -1.0000   -1.0000
    1.9250   -1.0000   -1.0000
    1.9300   -1.0000   -1.0000
    1.9350   -1.0000   -1.0000
    1.9400   -1.0000   -1.0000
    1.9450   -1.0000   -1.0000
    1.9500   -1.0000   -1.0000
    1.9550   -1.0000   -1.0000
    1.9600   -1.0000   -1.0000
    1.9650   -1.0000   -1.0000
    1.9700   -1.0000   -1.0000
    1.9750    0.4163    0.4163
    1.9800    0.3926    0.3926
    1.9850    0.3868    0.3868
    1.9900    0.4295    0.4295
    1.9950    0.4141    0.4141
    2.0000    0.3843    0.3843
    2.0050    0.3838    0.3839
    2.0100    0.3837    0.3837
    2.0150    0.3608    0.3608
    2.0200    0.3705    0.3705
    2.0250    0.3854    0.3854
    2.0300    0.3689    0.3689
    2.0350    0.4613    0.4613
    2.0400    0.4375    0.4375
    2.0450    0.4513    0.4513
    2.0500    0.4502    0.4502
    2.0550    0.4226    0.4226
    2.0600    0.4355    0.4355
    2.0650    0.4559    0.4559
    2.0700    0.4413    0.4413
    2.0750    0.4507    0.4507
    2.0800    0.4416    0.4416
    2.0850    0.4771    0.4771
    2.0900    0.4818    0.4818
    2.0950    0.4626    0.4626
    2.1000    0.4787    0.4787
    2.1050    0.4773    0.4773
    2.1100    0.4932    0.4932
    2.1150    0.4721    0.4721
    2.1200    0.5224    0.5224
    2.1250    0.4885    0.4885
    2.1300    0.5003    0.5003
    2.1350    0.4841    0.4841
    2.1400    0.5306    0.5307
    2.1450    0.5058    0.5058
    2.1500    0.5029    0.5030
    2.1550    0.5078    0.5078
    2.1600    0.5052    0.5052
    2.1650    0.5136    0.5136
    2.1700    0.5613    0.5613
    2.1750    0.5460    0.5460
    2.1800    0.5268    0.5268
    2.1850    0.5441    0.5441
    2.1900    0.5816    0.5817
    2.1950    0.5660    0.5660
    2.2000    0.5270    0.5270
    2.2050    0.5168    0.5168
    2.2100    0.5382    0.5382
    2.2150    0.5729    0.5729
    2.2200    0.5730    0.5730
    2.2250    0.5603    0.5603
    2.2300    0.6000    0.6001
    2.2350    0.5605    0.5606
    2.2400    0.5868    0.5869
    2.2450    0.5929    0.5929
    2.2500    0.6371    0.6371
    2.2550    0.6011    0.6011
    2.2600    0.5919    0.5919
    2.2650    0.5821    0.5821
    2.2700    0.5959    0.5959
    2.2750    0.5984    0.5984
    2.2800    0.6201    0.6202
    2.2850    0.5784    0.5784
    2.2900    0.6358    0.6358
    2.2950    0.6300    0.6300
    2.3000    0.6425    0.6425
    2.3050    0.6253    0.6253
    2.3100    0.6034    0.6034
    2.3150    0.6530    0.6530
    2.3200    0.6231    0.6232
    2.3250    0.6150    0.6151
    2.3300    0.6417    0.6417
    2.3350    0.6676    0.6676
    2.3400    0.6082    0.6082
    2.3450    0.6049    0.6049
    2.3500    0.5998    0.5998
    2.3550    0.6430    0.6430
    2.3600    0.6001    0.6001
    2.3650    0.6358    0.6358
    2.3700    0.6327    0.6327
    2.3750    0.6435    0.6435
    2.3800    0.6116    0.6116
    2.3850    0.6924    0.6924
    2.3900    0.6301    0.6301
    2.3950    0.7735    0.7735
    2.4000    0.6927    0.6927
    2.4050    0.6701    0.6701
    2.4100    0.7389    0.7389
    2.4150   -1.0000   -1.0000
    2.4200   -1.0000   -1.0000
    2.4250   -1.0000   -1.0000
    2.4300   -1.0000   -1.0000
    2.4350   -1.0000   -1.0000
    2.4400   -1.0000   -1.0000
    2.4450   -1.0000   -1.0000
    2.4500   -1.0000   -1.0000
    2.4550   -1.0000   -1.0000
    2.4600   -1.0000   -1.0000
    2.4650   -1.0000   -1.0000
    2.4700   -1.0000   -1.0000
    2.4750   -1.0000   -1.0000
    2.4800   -1.0000   -1.0000
    2.4850   -1.0000   -1.0000
    2.4900   -1.0000   -1.0000
