    0.6500   -1.0000   -1.0000         2
    0.6550   -1.0000   -1.0000         2
    0.6600   -1.0000   -1.0000         2
    0.6650   -1.0000   -1.0000         2
    0.6700   -1.0000   -1.0000         2
    0.6750   -1.0000   -1.0000         2
    0.6800   -1.0000   -1.0000         2
    0.6850   -1.0000   -1.0000         2
    0.6900   -1.0000   -1.0000         2
    0.6950   -1.0000   -1.0000         2
    0.7000   -1.0000   -1.0000         2
    0.7050   -1.0000   -1.0000         2
    0.7100   -1.0000   -1.0000         2
    0.7150   -1.0000   -1.0000         2
    0.7200   -1.0000   -1.0000         2
    0.7250   -1.0000   -1.0000         2
    0.7300   -1.0000   -1.0000         2
    0.7350   -1.0000   -1.0000         2
    0.7400   -1.0000   -1.0000         2
    0.7450   -1.0000   -1.0000         2
    0.7500   -1.0000   -1.0000         2
    0.7550   -1.0000   -1.0000         2
    0.7600   -1.0000   -1.0000         2
    0.7650   -1.0000   -1.0000         2
    0.7700   -1.0000   -1.0000         2
    0.7750    0.9832    0.0345         2
    0.7800    0.9686    0.0269         2
    0.7850    0.9852    0.0231         2
    0.7900    1.0065    0.0206         2
    0.7950    0.9784    0.0193         2
    0.8000    0.9878    0.0194         2
    0.8050    0.9773    0.0166         2
    0.8100    0.9873    0.0158         2
    0.8150    0.9754    0.0148         2
    0.8200    0.9712    0.0141         2
    0.8250    0.9806    0.0143         2
    0.8300    0.9789    0.0139         2
    0.8350    0.9769    0.0138         2
    0.8400    0.9704    0.0136         2
    0.8450    0.9575    0.0137         2
    0.8500    0.9684    0.0134         2
    0.8550    0.9700    0.0137         2
    0.8600    0.9553    0.0136         2
    0.8650    0.9546    0.0146         2
    0.8700    0.9534    0.0146         2
    0.8750    0.9549    0.0142         2
    0.8800    0.9364    0.0127         2
    0.8850    0.9289    0.0118         2
    0.8900    0.9380    0.0121         2
    0.8950    0.9252    0.0128         2
    0.9000    0.9295    0.0114         2
    0.9050    0.9338    0.0114         2
    0.9100    0.9428    0.0108         2
    0.9150    0.9461    0.0108         2
    0.9200    0.9322    0.0114         2
    0.9250    0.9351    0.0115         2
    0.9300    0.9475    0.0126         2
    0.9350    0.9566    0.0127         1
    0.9400    0.9172    0.0112         2
    0.9450    0.9424    0.0122         2
    0.9500    0.9270    0.0123         2
    0.9550    0.9374    0.0115         2
    0.9600    0.9271    0.0110         2
    0.9650    0.9368    0.0104         2
    0.9700    0.9380    0.0101         2
    0.9750    0.9551    0.0107         2
    0.9800    0.9490    0.0103         2
    0.9850    0.9613    0.0105         2
    0.9900    0.9489    0.0103         2
    0.9950    0.9746    0.0103         2
    1.0000    0.9640    0.0108         2
    1.0050    0.9661    0.0109         2
    1.0100    0.9722    0.0107         2
    1.0150    0.9868    0.0101         2
    1.0200    0.9888    0.0104         2
    1.0250    0.9881    0.0114         2
    1.0300    1.0009    0.0099         2
    1.0350    0.9876    0.0102         1
    1.0400   -1.0000   -1.0000         0
    1.0450    0.9918    0.0097         2
    1.0500    1.0002    0.0105         2
    1.0550    1.0077    0.0097         2
    1.0600    1.0065    0.0100         2
    1.0650    1.0187    0.0099         2
    1.0700    1.0203    0.0100         2
    1.0750    1.0221    0.0106         2
    1.0800    1.0380    0.0120         2
    1.0850    1.0521    0.0115         2
    1.0900    1.0350    0.0113         2
    1.0950    1.0416    0.0112         2
    1.1000    1.0527    0.0105         2
    1.1050    1.0493    0.0117         2
    1.1100    1.0448    0.0110         2
    1.1150    1.0538    0.0112         2
    1.1200    1.0448    0.0116         2
    1.1250    1.0483    0.0129         2
    1.1300    1.0537    0.0131         2
    1.1350    1.0496    0.0130         2
    1.1400    1.0537    0.0137         2
    1.1450    1.0754    0.0128         2
    1.1500    1.0680    0.0122         2
    1.1550    1.0751    0.0134         2
    1.1600    1.0760    0.0122         2
    1.1650    1.0733    0.0111         2
    1.1700    1.0818    0.0111         2
    1.1750    1.0907    0.0123         2
    1.1800    1.0936    0.0115         2
    1.1850    1.0816    0.0108         2
    1.1900    1.0849    0.0112         2
    1.1950    1.0751    0.0111         2
    1.2000    1.0658    0.0116         1
    1.2050    1.0680    0.0125         2
    1.2100    1.0787    0.0117         2
    1.2150    1.0686    0.0127         1
    1.2200    1.0774    0.0116         2
    1.2250    1.0910    0.0131         2
    1.2300    1.0770    0.0118         2
    1.2350    1.1066    0.0135         2
    1.2400    1.1012    0.0115         2
    1.2450    1.1109    0.0138         1
    1.2500    1.0944    0.0121         2
    1.2550    1.0840    0.0127         2
    1.2600    1.1120    0.0127         2
    1.2650    1.1032    0.0130         2
    1.2700    1.1174    0.0121         2
    1.2750    1.1043    0.0119         2
    1.2800    1.1328    0.0131         1
    1.2850    1.1386    0.0135         2
    1.2900    1.1053    0.0122         2
    1.2950    1.1031    0.0124         2
    1.3000    1.1127    0.0126         2
    1.3050    1.1250    0.0122         2
    1.3100    1.1312    0.0118         2
    1.3150    1.1285    0.0126         2
    1.3200    1.1133    0.0119         2
    1.3250    1.1108    0.0138         2
    1.3300    1.1051    0.0126         2
    1.3350    1.1159    0.0132         2
    1.3400    1.1324    0.0144         2
    1.3450    1.1024    0.0198         1
    1.3500   -1.0000   -1.0000         0
    1.3550   -1.0000   -1.0000         0
    1.3600    1.1546    0.0299         2
    1.3650    1.1351    0.0319         1
    1.3700    1.1348    0.0324         2
    1.3750    1.1287    0.0278         1
    1.3800    1.1401    0.0266         1
    1.3850    1.1346    0.0274         2
    1.3900    1.1438    0.0258         2
    1.3950    1.0991    0.0238         1
    1.4000    1.1169    0.0226         1
    1.4050    1.1392    0.0221         1
    1.4100    1.1249    0.0196         1
    1.4150    1.1535    0.0188         1
    1.4200    1.1589    0.0193         2
    1.4250    1.1585    0.0171         2
    1.4300    1.1620    0.0188         2
    1.4350    1.1383    0.0162         2
    1.4400    1.1700    0.0167         1
    1.4450    1.1262    0.0158         2
    1.4500    1.1199    0.0154         1
    1.4550    1.1384    0.0143         2
    1.4600    1.1358    0.0142         2
    1.4650    1.1425    0.0152         2
    1.4700    1.1187    0.0143         2
    1.4750    1.1431    0.0143         2
    1.4800    1.1668    0.0160         2
    1.4850    1.1615    0.0135         2
    1.4900    1.1925    0.0146         1
    1.4950    1.1874    0.0139         2
    1.5000    1.1666    0.0135         2
    1.5050    1.1333    0.0132         2
    1.5100    1.1550    0.0136         2
    1.5150    1.1373    0.0132         2
    1.5200    1.1271    0.0132         2
    1.5250    1.1514    0.0131         2
    1.5300    1.1370    0.0126         2
    1.5350    1.1110    0.0126         2
    1.5400    1.1239    0.0134         2
    1.5450    1.1311    0.0136         2
    1.5500    1.1545    0.0145         2
    1.5550    1.1234    0.0136         2
    1.5600    1.1548    0.0127         2
    1.5650    1.1500    0.0128         2
    1.5700    1.1752    0.0148         2
    1.5750    1.1190    0.0136         2
    1.5800    1.1683    0.0136         2
    1.5850    1.2020    0.0141         2
    1.5900    1.1709    0.0137         2
    1.5950    1.1465    0.0146         2
    1.6000    1.1362    0.0134         2
    1.6050    1.1409    0.0144         2
    1.6100    1.1516    0.0137         2
    1.6150    1.1148    0.0136         2
    1.6200    1.1294    0.0130         2
    1.6250    1.1469    0.0159         2
    1.6300    1.0706    0.0150         2
    1.6350    1.1464    0.0154         2
    1.6400    1.1342    0.0136         2
    1.6450    1.1077    0.0132         2
    1.6500    1.1043    0.0135         2
    1.6550    1.0700    0.0140         2
    1.6600    1.0883    0.0136         2
    1.6650    1.0916    0.0147         2
    1.6700    1.0837    0.0144         2
    1.6750    1.0934    0.0138         2
    1.6800    1.0887    0.0143         2
    1.6850    1.0575    0.0131         2
    1.6900    1.0628    0.0136         2
    1.6950    1.0556    0.0139         2
    1.7000    1.0950    0.0146         2
    1.7050    1.0928    0.0151         2
    1.7100    1.0394    0.0142         2
    1.7150    1.0178    0.0138         2
    1.7200    1.0456    0.0140         2
    1.7250    1.1048    0.0157         2
    1.7300    1.0882    0.0154         2
    1.7350    1.0694    0.0148         2
    1.7400    1.0804    0.0155         2
    1.7450    1.0998    0.0156         2
    1.7500    1.0671    0.0151         2
    1.7550    1.0715    0.0164         2
    1.7600    1.0494    0.0151         2
    1.7650    1.0304    0.0157         2
    1.7700    1.0312    0.0152         2
    1.7750    1.0787    0.0160         2
    1.7800    1.0851    0.0165         2
    1.7850    1.0524    0.0169         2
    1.7900    1.0655    0.0172         2
    1.7950    1.0644    0.0182         2
    1.8000    1.0691    0.0179         2
    1.8050    1.0928    0.0203         2
    1.8100    1.0961    0.0208         2
    1.8150    1.0387    0.0225         2
    1.8200    1.0523    0.0260         2
    1.8250    1.1319    0.0292         1
    1.8300    1.1181    0.0347         1
    1.8350    1.1032    0.0442         1
    1.8400    0.9803    0.0472         1
    1.8450    1.1062    0.0614         1
    1.8500    1.1042    0.0546         2
    1.8550    1.0085    0.0513         2
    1.8600    1.0505    0.0446         1
    1.8650    1.0179    0.0582         1
    1.8700    1.0552    0.0622         1
    1.8750   -1.0000   -1.0000         0
    1.8800    1.0824    0.0528         1
    1.8850    1.0484    0.0377         2
    1.8900    1.0144    0.0354         1
    1.8950    1.0315    0.0382         1
    1.9000    1.0494    0.0422         2
    1.9050    1.0447    0.0452         2
    1.9100    1.0435    0.0495         1
    1.9150    1.0945    0.0465         1
    1.9200    1.0166    0.0321         1
    1.9250    1.0326    0.0311         1
    1.9300    1.0309    0.0305         1
    1.9350    1.0278    0.0292         2
    1.9400    1.0194    0.0296         2
    1.9450   -1.0000   -1.0000         0
    1.9500    0.9922    0.0278         1
    1.9550    1.0250    0.0287         2
    1.9600    1.0651    0.0271         1
    1.9650    1.0785    0.0303         1
    1.9700    1.1017    0.0243         2
    1.9750    1.0446    0.0218         2
    1.9800    1.0562    0.0215         2
    1.9850    1.1010    0.0236         2
    1.9900    1.0943    0.0215         2
    1.9950    1.1386    0.0211         1
    2.0000    1.1194    0.0237         1
    2.0050    1.0518    0.0293         2
    2.0100    1.0201    0.0311         2
    2.0150    1.0833    0.0305         1
    2.0200    0.9958    0.0269         1
    2.0250    1.0746    0.0242         2
    2.0300    1.0332    0.0213         2
    2.0350    1.0501    0.0216         2
    2.0400    1.0661    0.0200         2
    2.0450    1.0622    0.0217         2
    2.0500    1.0397    0.0233         2
    2.0550    1.0233    0.0236         2
    2.0600    1.0792    0.0239         2
    2.0650    1.0446    0.0229         2
    2.0700    1.0410    0.0256         2
    2.0750    1.0936    0.0247         2
    2.0800    1.0809    0.0239         2
    2.0850    1.1275    0.0233         2
    2.0900    1.1000    0.0219         2
    2.0950    1.0702    0.0220         2
    2.1000    1.0864    0.0220         2
    2.1050    1.0544    0.0227         2
    2.1100    1.1043    0.0216         2
    2.1150    1.1231    0.0234         2
    2.1200    1.0842    0.0227         2
    2.1250    1.0264    0.0201         2
    2.1300    1.0429    0.0222         2
    2.1350    1.0824    0.0230         2
    2.1400    1.1271    0.0227         2
    2.1450    1.0970    0.0258         1
    2.1500    1.0725    0.0236         2
    2.1550    1.0534    0.0222         2
    2.1600    1.0591    0.0227         2
    2.1650    1.0945    0.0227         2
    2.1700    1.0790    0.0237         2
    2.1750    1.0609    0.0232         2
    2.1800    1.0419    0.0231         2
    2.1850    1.1000    0.0256         2
    2.1900    1.0870    0.0243         2
    2.1950    1.0923    0.0270         2
    2.2000    1.0942    0.0256         2
    2.2050    1.1003    0.0264         2
    2.2100    1.0686    0.0257         2
    2.2150    1.0523    0.0276         2
    2.2200    1.0373    0.0272         2
    2.2250    1.0732    0.0254         2
    2.2300    1.0914    0.0256         2
    2.2350    1.0751    0.0275         2
    2.2400    1.0407    0.0276         2
    2.2450    1.0376    0.0262         2
    2.2500    1.0473    0.0281         2
    2.2550    1.0242    0.0287         2
    2.2600    1.0517    0.0280         2
    2.2650    1.0387    0.0277         2
    2.2700    1.0056    0.0304         1
    2.2750    1.0947    0.0311         2
    2.2800    1.0798    0.0295         2
    2.2850    1.0817    0.0299         2
    2.2900    1.0686    0.0305         2
    2.2950    1.0779    0.0309         2
    2.3000    1.0582    0.0294         2
    2.3050    1.0634    0.0298         2
    2.3100    1.0395    0.0312         2
    2.3150    1.0471    0.0292         2
    2.3200    1.0601    0.0299         2
    2.3250    1.0619    0.0290         2
    2.3300    1.0492    0.0306         2
    2.3350    1.0367    0.0305         2
    2.3400    1.0849    0.0320         2
    2.3450   -1.0000   -1.0000         0
    2.3500   -1.0000   -1.0000         0
    2.3550    1.0857    0.0322         2
    2.3600    1.0582    0.0319         2
    2.3650    1.0626    0.0320         2
    2.3700    1.0562    0.0329         2
    2.3750    1.0659    0.0345         2
    2.3800    1.1116    0.0345         2
    2.3850    1.1120    0.0346         2
    2.3900    1.0393    0.0305         2
    2.3950    1.0684    0.0329         2
    2.4000    1.0881    0.0345         2
    2.4050    1.1115    0.0400         1
    2.4100    1.1023    0.0380         2
    2.4150    1.0994    0.0351         1
    2.4200   -1.0000   -1.0000         0
    2.4250    1.1071    0.0352         1
    2.4300    1.0955    0.0358         2
    2.4350    1.0985    0.0359         2
    2.4400    1.0885    0.0391         2
    2.4450    1.0940    0.0380         2
    2.4500    1.1459    0.0433         2
    2.4550   -1.0000   -1.0000         0
    2.4600    1.1516    0.0421         1
    2.4650    1.1360    0.0391         2
    2.4700   -1.0000   -1.0000         0
    2.4750   -1.0000   -1.0000         0
    2.4800    1.1603    0.0463         1
    2.4850   -1.0000   -1.0000         0
    2.4900   -1.0000   -1.0000         0
