     0.6500    -1.0000    -1.0000         0
     0.6550    -1.0000    -1.0000         0
     0.6600    -1.0000    -1.0000         0
     0.6650    -1.0000    -1.0000         0
     0.6700    -1.0000    -1.0000         0
     0.6750    -1.0000    -1.0000         0
     0.6800    -1.0000    -1.0000         0
     0.6850    -1.0000    -1.0000         0
     0.6900    -1.0000    -1.0000         0
     0.6950    -1.0000    -1.0000         0
     0.7000    -1.0000    -1.0000         0
     0.7050    -1.0000    -1.0000         0
     0.7100    -1.0000    -1.0000         0
     0.7150    -1.0000    -1.0000         0
     0.7200    -1.0000    -1.0000         0
     0.7250    -1.0000    -1.0000         0
     0.7300    -1.0000    -1.0000         0
     0.7350    -1.0000    -1.0000         0
     0.7400    -1.0000    -1.0000         0
     0.7450    -1.0000    -1.0000         0
     0.7500    -1.0000    -1.0000         0
     0.7550    -1.0000    -1.0000         0
     0.7600    -1.0000    -1.0000         0
     0.7650    -1.0000    -1.0000         0
     0.7700    -1.0000    -1.0000         0
     0.7750    -1.0000    -1.0000         0
     0.7800    -1.0000    -1.0000         0
     0.7850    -1.0000    -1.0000         0
     0.7900    -1.0000    -1.0000         0
     0.7950    -1.0000    -1.0000         0
     0.8000     1.1226     0.0257         2
     0.8050     1.1095     0.0228         2
     0.8100     1.1032     0.0226         2
     0.8150     1.1052     0.0209         2
     0.8200     1.1061     0.0204         2
     0.8250     1.1074     0.0198         2
     0.8300     1.1046     0.0208         2
     0.8350     1.0959     0.0195         2
     0.8400     1.1048     0.0205         2
     0.8450     1.1051     0.0209         2
     0.8500     1.1102     0.0195         2
     0.8550     1.1170     0.0213         2
     0.8600     1.1042     0.0207         2
     0.8650     1.0587     0.0196         2
     0.8700     1.0790     0.0201         2
     0.8750     1.0993     0.0185         2
     0.8800     1.0927     0.0196         2
     0.8850     1.0772     0.0184         2
     0.8900     1.0776     0.0171         2
     0.8950     1.0840     0.0161         2
     0.9000     1.0901     0.0159         2
     0.9050     1.0940     0.0169         2
     0.9100     1.0536     0.0152         2
     0.9150     1.0545     0.0150         2
     0.9200     1.0782     0.0160         2
     0.9250     1.0801     0.0164         2
     0.9300     1.0688     0.0176         2
     0.9350     1.0391     0.0166         2
     0.9400     1.0549     0.0177         2
     0.9450     1.0750     0.0174         2
     0.9500     1.0731     0.0177         2
     0.9550     1.0591     0.0173         2
     0.9600     1.0648     0.0147         2
     0.9650     1.0624     0.0155         2
     0.9700     1.0728     0.0147         2
     0.9750     1.0677     0.0145         2
     0.9800     1.0632     0.0149         2
     0.9850     1.0530     0.0146         2
     0.9900     1.0498     0.0146         2
     0.9950     1.0597     0.0146         2
     1.0000     1.0686     0.0141         2
     1.0050     1.0607     0.0139         2
     1.0100     1.0627     0.0138         2
     1.0150     1.0562     0.0132         2
     1.0200     1.0455     0.0135         2
     1.0250     1.0419     0.0141         2
     1.0300     1.0634     0.0144         2
     1.0350     1.0281     0.0151         2
     1.0400     1.0378     0.0134         2
     1.0450     1.0343     0.0139         2
     1.0500     1.0245     0.0136         2
     1.0550     1.0517     0.0142         2
     1.0600     1.0509     0.0136         2
     1.0650     1.0532     0.0129         2
     1.0700     1.0493     0.0138         2
     1.0750     1.0497     0.0138         2
     1.0800     1.0471     0.0132         2
     1.0850     1.0579     0.0149         2
     1.0900     1.0471     0.0144         2
     1.0950     1.0452     0.0135         2
     1.1000     1.0158     0.0142         2
     1.1050     1.0152     0.0136         2
     1.1100     1.0069     0.0144         2
     1.1150     0.9959     0.0143         2
     1.1200     1.0188     0.0151         2
     1.1250     1.0365     0.0157         2
     1.1300     1.0203     0.0163         2
     1.1350     1.0168     0.0165         2
     1.1400     0.9880     0.0170         2
     1.1450     1.0063     0.0160         2
     1.1500     1.0179     0.0158         2
     1.1550     0.9810     0.0150         2
     1.1600     0.9916     0.0146         2
     1.1650     0.9913     0.0146         2
     1.1700     1.0285     0.0167         2
     1.1750     1.0372     0.0151         2
     1.1800     1.0058     0.0141         2
     1.1850     0.9978     0.0147         2
     1.1900     0.9757     0.0149         2
     1.1950     0.9986     0.0148         2
     1.2000     1.0148     0.0151         2
     1.2050     1.0340     0.0164         2
     1.2100     1.0297     0.0155         2
     1.2150     1.0180     0.0167         2
     1.2200     1.0112     0.0139         2
     1.2250     1.0275     0.0145         2
     1.2300     0.9912     0.0142         2
     1.2350     0.9806     0.0162         2
     1.2400     1.0053     0.0151         2
     1.2450     1.0213     0.0151         2
     1.2500     1.0175     0.0152         2
     1.2550     1.0234     0.0153         2
     1.2600     0.9898     0.0145         1
     1.2650     0.9447     0.0140         1
     1.2700     1.0176     0.0146         2
     1.2750     0.9823     0.0137         2
     1.2800    -1.0000    -1.0000         0
     1.2850     0.9564     0.0148         1
     1.2900     1.0022     0.0147         2
     1.2950     1.0091     0.0165         2
     1.3000     0.9928     0.0146         2
     1.3050     0.9609     0.0138         2
     1.3100     0.9617     0.0158         2
     1.3150     0.9717     0.0150         2
     1.3200     0.9641     0.0155         2
     1.3250     0.9594     0.0156         2
     1.3300     0.9815     0.0149         2
     1.3350     0.9826     0.0169         2
     1.3400     0.9650     0.0170         2
     1.3450     1.0090     0.0202         1
     1.3500     1.0265     0.0241         1
     1.3550     1.0047     0.0340         1
     1.3600     0.9943     0.0371         2
     1.3650     1.0331     0.0395         1
     1.3700     1.0352     0.0404         1
     1.3750     1.0193     0.0356         2
     1.3800     0.9706     0.0323         2
     1.3850     0.9772     0.0314         2
     1.3900     0.9449     0.0318         1
     1.3950     0.9741     0.0267         1
     1.4000     1.0188     0.0265         1
     1.4050     1.0199     0.0269         1
     1.4100     0.9803     0.0229         2
     1.4150     0.9949     0.0221         1
     1.4200     1.0063     0.0198         2
     1.4250     0.9953     0.0196         2
     1.4300     1.0461     0.0223         1
     1.4350     1.0032     0.0194         2
     1.4400     1.0332     0.0208         1
     1.4450    -1.0000    -1.0000         0
     1.4500     1.0298     0.0182         2
     1.4550     0.9737     0.0184         2
     1.4600    -1.0000    -1.0000         0
     1.4650     0.9890     0.0177         2
     1.4700     0.9997     0.0176         2
     1.4750     1.0075     0.0192         2
     1.4800     1.0110     0.0157         2
     1.4850     1.0080     0.0167         2
     1.4900     1.0223     0.0174         2
     1.4950     0.9992     0.0152         2
     1.5000     0.9849     0.0151         2
     1.5050     1.0460     0.0163         2
     1.5100     1.0386     0.0156         2
     1.5150     1.0061     0.0153         2
     1.5200     0.9918     0.0158         2
     1.5250     0.9918     0.0147         2
     1.5300     1.0298     0.0161         2
     1.5350     1.0424     0.0166         2
     1.5400     1.0539     0.0158         2
     1.5450     1.0255     0.0154         2
     1.5500     1.0113     0.0170         2
     1.5550     1.0092     0.0153         2
     1.5600     1.0308     0.0181         2
     1.5650     0.9710     0.0153         2
     1.5700     0.9574     0.0154         2
     1.5750     0.9545     0.0146         2
     1.5800     0.9761     0.0171         2
     1.5850     0.9857     0.0175         2
     1.5900     1.0076     0.0154         2
     1.5950     1.0655     0.0179         2
     1.6000     1.0647     0.0161         2
     1.6050     1.0361     0.0166         2
     1.6100     0.9988     0.0174         2
     1.6150     1.0100     0.0159         2
     1.6200     1.0180     0.0160         2
     1.6250     0.9954     0.0172         2
     1.6300     0.9955     0.0167         2
     1.6350     1.0104     0.0154         2
     1.6400     1.0105     0.0158         2
     1.6450     0.9801     0.0161         2
     1.6500     0.9926     0.0173         2
     1.6550     0.9467     0.0171         2
     1.6600     0.9496     0.0170         2
     1.6650     1.0145     0.0164         2
     1.6700     1.0026     0.0175         2
     1.6750     0.9857     0.0172         2
     1.6800     0.9843     0.0181         2
     1.6850     0.9697     0.0171         2
     1.6900     0.9780     0.0180         2
     1.6950     1.0032     0.0171         2
     1.7000     0.9572     0.0171         2
     1.7050     0.9882     0.0168         2
     1.7100     1.0013     0.0168         2
     1.7150     0.9505     0.0169         2
     1.7200     0.9514     0.0171         2
     1.7250     0.9554     0.0172         2
     1.7300     1.0072     0.0172         2
     1.7350     1.0213     0.0188         2
     1.7400     1.0005     0.0193         2
     1.7450     0.9008     0.0200         2
     1.7500     0.9126     0.0180         2
     1.7550     0.9857     0.0203         2
     1.7600     0.9866     0.0192         2
     1.7650     0.9339     0.0204         2
     1.7700     1.0119     0.0190         2
     1.7750     1.0318     0.0188         2
     1.7800     1.0215     0.0218         2
     1.7850     1.0174     0.0211         2
     1.7900     1.0691     0.0208         2
     1.7950     1.0245     0.0200         2
     1.8000     0.9861     0.0260         2
     1.8050     0.9871     0.0230         2
     1.8100     1.0588     0.0287         2
     1.8150    -1.0000    -1.0000         0
     1.8200     1.0544     0.0322         2
     1.8250     1.0593     0.0362         2
     1.8300     0.9430     0.0371         2
     1.8350     0.9379     0.0541         2
     1.8400     1.0774     0.0658         2
     1.8450     1.0963     0.0852         1
     1.8500     0.9542     0.0642         2
     1.8550     0.9860     0.0645         2
     1.8600     0.9876     0.0571         2
     1.8650     1.0778     0.0674         2
     1.8700     0.9634     0.0674         2
     1.8750    -1.0000    -1.0000         0
     1.8800    -1.0000    -1.0000         0
     1.8850    -1.0000    -1.0000         0
     1.8900     0.9016     0.0472         2
     1.8950     0.9595     0.0463         2
     1.9000    -1.0000    -1.0000         0
     1.9050    -1.0000    -1.0000         0
     1.9100    -1.0000    -1.0000         0
     1.9150     0.9512     0.0542         2
     1.9200     0.8798     0.0417         2
     1.9250     0.9041     0.0414         2
     1.9300     0.9444     0.0385         2
     1.9350     0.9622     0.0421         2
     1.9400     0.9742     0.0341         2
     1.9450     0.9723     0.0341         2
     1.9500     0.9973     0.0323         2
     1.9550     1.0057     0.0339         2
     1.9600     0.9765     0.0328         2
     1.9650    -1.0000    -1.0000         0
     1.9700     0.9029     0.0281         2
     1.9750     1.0363     0.0280         2
     1.9800     0.9522     0.0252         2
     1.9850     0.9521     0.0255         2
     1.9900     0.9815     0.0271         2
     1.9950     0.9478     0.0283         2
     2.0000     1.0444     0.0314         2
     2.0050     1.0180     0.0380         2
     2.0100     0.9366     0.0387         2
     2.0150    -1.0000    -1.0000         0
     2.0200     0.8991     0.0370         2
     2.0250     0.8748     0.0272         2
     2.0300     0.9246     0.0271         2
     2.0350     0.9933     0.0247         2
     2.0400     0.9384     0.0262         2
     2.0450     1.0314     0.0277         2
     2.0500     0.9952     0.0269         2
     2.0550     0.9378     0.0326         2
     2.0600     1.0189     0.0316         2
     2.0650     1.0314     0.0348         2
     2.0700     0.9516     0.0290         2
     2.0750     0.9181     0.0301         2
     2.0800     0.9160     0.0252         2
     2.0850     0.9486     0.0258         2
     2.0900     0.9950     0.0263         2
     2.0950     0.9979     0.0271         2
     2.1000     1.0037     0.0282         2
     2.1050     1.0400     0.0264         2
     2.1100     1.0267     0.0265         2
     2.1150     0.9651     0.0283         2
     2.1200     0.9450     0.0269         2
     2.1250     1.0390     0.0273         2
     2.1300     0.9870     0.0260         2
     2.1350     0.9846     0.0287         2
     2.1400     1.0741     0.0314         2
     2.1450    -1.0000    -1.0000         0
     2.1500     1.0073     0.0262         2
     2.1550     1.0392     0.0316         2
     2.1600     1.0901     0.0291         2
     2.1650     1.0066     0.0297         2
     2.1700     0.9916     0.0296         2
     2.1750     1.0282     0.0299         2
     2.1800     1.0824     0.0302         2
     2.1850     1.0027     0.0279         2
     2.1900     0.9368     0.0293         2
     2.1950     0.9538     0.0299         2
     2.2000    -1.0000    -1.0000         0
     2.2050     1.0112     0.0325         2
     2.2100    -1.0000    -1.0000         0
     2.2150     0.9673     0.0313         2
     2.2200     0.9647     0.0325         2
     2.2250     1.0009     0.0356         2
     2.2300     1.0357     0.0367         2
     2.2350     1.0203     0.0356         2
     2.2400     0.9421     0.0346         2
     2.2450     1.0482     0.0355         2
     2.2500     1.0778     0.0334         2
     2.2550     1.0760     0.0361         2
     2.2600     1.0234     0.0366         2
     2.2650     0.9791     0.0353         2
     2.2700     1.0269     0.0375         2
     2.2750     1.0892     0.0378         2
     2.2800     1.0241     0.0372         2
     2.2850     1.0958     0.0375         2
     2.2900     1.0429     0.0353         2
     2.2950     1.0415     0.0393         2
     2.3000     1.0121     0.0369         2
     2.3050     0.9891     0.0370         2
     2.3100     0.9978     0.0378         2
     2.3150     0.9775     0.0368         2
     2.3200     1.0810     0.0445         2
     2.3250     1.0147     0.0368         2
     2.3300     0.9471     0.0359         2
     2.3350     0.9730     0.0381         2
     2.3400     0.9629     0.0378         2
     2.3450     0.9331     0.0404         2
     2.3500     0.9990     0.0396         2
     2.3550     1.0939     0.0432         2
     2.3600     1.0749     0.0397         2
     2.3650     1.0482     0.0425         2
     2.3700     1.1188     0.0411         2
     2.3750     1.1078     0.0394         2
     2.3800     1.1131     0.0426         2
     2.3850     0.9496     0.0368         2
     2.3900     1.0476     0.0449         2
     2.3950     1.0142     0.0354         2
     2.4000     1.0592     0.0424         2
     2.4050     1.0773     0.0418         2
     2.4100     1.0715     0.0432         2
     2.4150     1.0075     0.0437         2
     2.4200     0.9961     0.0407         2
     2.4250     1.0171     0.0413         2
     2.4300     1.0843     0.0458         2
     2.4350    -1.0000    -1.0000         0
     2.4400     1.0960     0.0519         2
     2.4450    -1.0000    -1.0000         0
     2.4500    -1.0000    -1.0000         0
     2.4550    -1.0000    -1.0000         0
     2.4600    -1.0000    -1.0000         0
     2.4650    -1.0000    -1.0000         0
     2.4700    -1.0000    -1.0000         0
     2.4750    -1.0000    -1.0000         0
     2.4800    -1.0000    -1.0000         0
     2.4850    -1.0000    -1.0000         0
     2.4900    -1.0000    -1.0000         0
