    0.6500   -1.0000   -1.0000
    0.6550   -1.0000   -1.0000
    0.6600   -1.0000   -1.0000
    0.6650   -1.0000   -1.0000
    0.6700   -1.0000   -1.0000
    0.6750   -1.0000   -1.0000
    0.6800   -1.0000   -1.0000
    0.6850   -1.0000   -1.0000
    0.6900   -1.0000   -1.0000
    0.6950   -1.0000   -1.0000
    0.7000   -1.0000   -1.0000
    0.7050   -1.0000   -1.0000
    0.7100   -1.0000   -1.0000
    0.7150   -1.0000   -1.0000
    0.7200   -1.0000   -1.0000
    0.7250   -1.0000   -1.0000
    0.7300   -1.0000   -1.0000
    0.7350   -1.0000   -1.0000
    0.7400   -1.0000   -1.0000
    0.7450   -1.0000   -1.0000
    0.7500   -1.0000   -1.0000
    0.7550   -1.0000   -1.0000
    0.7600   -1.0000   -1.0000
    0.7650   -1.0000   -1.0000
    0.7700   -1.0000   -1.0000
    0.7750   -1.0000   -1.0000
    0.7800   -1.0000   -1.0000
    0.7850    0.9209    0.9209
    0.7900    0.9794    0.9794
    0.7950    0.9572    0.9572
    0.8000    1.0032    1.0032
    0.8050    0.9698    0.9698
    0.8100    0.9771    0.9771
    0.8150    1.0193    1.0193
    0.8200    1.0409    1.0409
    0.8250    1.0457    1.0457
    0.8300    0.9546    0.9546
    0.8350    0.9733    0.9733
    0.8400    0.9301    0.9301
    0.8450    0.9547    0.9547
    0.8500    0.9304    0.9304
    0.8550    0.9612    0.9612
    0.8600    0.9845    0.9845
    0.8650    0.9738    0.9738
    0.8700    0.9150    0.9150
    0.8750    0.9675    0.9675
    0.8800    0.9848    0.9848
    0.8850    0.9512    0.9512
    0.8900    0.9495    0.9496
    0.8950    0.9307    0.9307
    0.9000    0.9045    0.9045
    0.9050    0.8524    0.8524
    0.9100    0.9482    0.9482
    0.9150    0.8952    0.8952
    0.9200    0.9445    0.9445
    0.9250    0.8831    0.8831
    0.9300    0.9355    0.9355
    0.9350    0.9287    0.9287
    0.9400    0.8730    0.8730
    0.9450    0.9813    0.9813
    0.9500    0.9270    0.9270
    0.9550    0.8891    0.8891
    0.9600    0.8764    0.8764
    0.9650    0.9074    0.9074
    0.9700    0.8828    0.8828
    0.9750    0.8660    0.8660
    0.9800    0.8764    0.8764
    0.9850    0.8921    0.8921
    0.9900    0.9135    0.9135
    0.9950    0.9099    0.9099
    1.0000    0.8782    0.8782
    1.0050    0.9621    0.9621
    1.0100    0.9001    0.9001
    1.0150    0.8880    0.8880
    1.0200    0.9192    0.9192
    1.0250    0.8746    0.8746
    1.0300    0.8625    0.8625
    1.0350    0.9580    0.9580
    1.0400    0.9199    0.9199
    1.0450    0.9295    0.9295
    1.0500    0.8908    0.8908
    1.0550    0.9107    0.9107
    1.0600    0.9177    0.9177
    1.0650    0.9094    0.9094
    1.0700    0.8898    0.8898
    1.0750    0.9051    0.9051
    1.0800    0.9841    0.9841
    1.0850    0.8523    0.8523
    1.0900    0.9532    0.9532
    1.0950    0.8636    0.8636
    1.1000    0.9797    0.9797
    1.1050    0.9115    0.9115
    1.1100    0.9285    0.9285
    1.1150    0.9860    0.9860
    1.1200    0.9454    0.9454
    1.1250    0.9277    0.9277
    1.1300    0.9579    0.9579
    1.1350    0.9721    0.9721
    1.1400    1.0173    1.0173
    1.1450    0.9945    0.9945
    1.1500    0.9171    0.9172
    1.1550    0.9485    0.9485
    1.1600    0.9415    0.9416
    1.1650    0.9997    0.9997
    1.1700    0.9371    0.9371
    1.1750    0.9598    0.9598
    1.1800    0.9463    0.9463
    1.1850    0.9736    0.9736
    1.1900    1.0193    1.0193
    1.1950    1.0122    1.0122
    1.2000    1.0009    1.0009
    1.2050    1.0381    1.0381
    1.2100    1.0596    1.0596
    1.2150    1.0461    1.0461
    1.2200    1.0520    1.0520
    1.2250    0.9828    0.9828
    1.2300    1.0204    1.0204
    1.2350    1.0386    1.0386
    1.2400    0.9819    0.9819
    1.2450    1.0175    1.0175
    1.2500    0.9845    0.9845
    1.2550    1.0384    1.0384
    1.2600    1.0887    1.0887
    1.2650    1.0011    1.0011
    1.2700    1.0519    1.0519
    1.2750    1.0134    1.0134
    1.2800    1.0992    1.0992
    1.2850    1.0717    1.0717
    1.2900    1.0821    1.0821
    1.2950    0.9891    0.9891
    1.3000    1.0000    1.0000
    1.3050    1.0758    1.0758
    1.3100    1.0346    1.0346
    1.3150    1.1050    1.1050
    1.3200    1.0463    1.0463
    1.3250    1.0299    1.0299
    1.3300    1.0509    1.0509
    1.3350    1.1881    1.1881
    1.3400    1.1785    1.1785
    1.3450    1.2642    1.2642
    1.3500   -1.0000   -1.0000
    1.3550   -1.0000   -1.0000
    1.3600   -1.0000   -1.0000
    1.3650   -1.0000   -1.0000
    1.3700   -1.0000   -1.0000
    1.3750   -1.0000   -1.0000
    1.3800   -1.0000   -1.0000
    1.3850   -1.0000   -1.0000
    1.3900   -1.0000   -1.0000
    1.3950   -1.0000   -1.0000
    1.4000   -1.0000   -1.0000
    1.4050    1.2769    1.2770
    1.4100    1.0978    1.0979
    1.4150    1.1652    1.1653
    1.4200    1.2808    1.2808
    1.4250    1.1529    1.1529
    1.4300    1.0952    1.0952
    1.4350    1.1219    1.1219
    1.4400    1.0717    1.0717
    1.4450    1.1481    1.1481
    1.4500    1.0772    1.0772
    1.4550    1.0483    1.0483
    1.4600    1.0807    1.0807
    1.4650    1.0324    1.0324
    1.4700    1.2528    1.2528
    1.4750    1.3162    1.3162
    1.4800    1.0739    1.0739
    1.4850    1.0486    1.0486
    1.4900    1.0493    1.0493
    1.4950    1.1634    1.1634
    1.5000    1.0871    1.0871
    1.5050    1.1224    1.1224
    1.5100    1.0638    1.0638
    1.5150    1.2370    1.2370
    1.5200    1.3111    1.3111
    1.5250    1.1589    1.1589
    1.5300    1.0811    1.0811
    1.5350    1.1861    1.1861
    1.5400    1.1667    1.1667
    1.5450    1.0913    1.0913
    1.5500    1.0587    1.0587
    1.5550    1.0013    1.0013
    1.5600    1.1685    1.1685
    1.5650    1.1441    1.1441
    1.5700    1.2312    1.2312
    1.5750    1.2227    1.2227
    1.5800    1.1167    1.1167
    1.5850    1.1601    1.1601
    1.5900    1.1520    1.1520
    1.5950    1.2332    1.2332
    1.6000    1.4377    1.4377
    1.6050    1.3239    1.3239
    1.6100    1.2542    1.2542
    1.6150    1.1585    1.1585
    1.6200    1.2774    1.2774
    1.6250    1.2563    1.2563
    1.6300    1.1670    1.1670
    1.6350    1.1013    1.1013
    1.6400    1.0686    1.0686
    1.6450    1.0519    1.0519
    1.6500    1.1795    1.1795
    1.6550    1.1614    1.1614
    1.6600    1.0473    1.0473
    1.6650    1.3030    1.3030
    1.6700    1.0786    1.0786
    1.6750    1.2542    1.2542
    1.6800    1.3601    1.3601
    1.6850    1.1900    1.1900
    1.6900    1.1026    1.1026
    1.6950    1.0482    1.0482
    1.7000    1.1251    1.1251
    1.7050    1.0756    1.0756
    1.7100    1.1411    1.1411
    1.7150    1.2699    1.2700
    1.7200    1.1116    1.1116
    1.7250    1.0406    1.0406
    1.7300    1.1729    1.1729
    1.7350    1.2023    1.2023
    1.7400    1.2438    1.2438
    1.7450    1.2705    1.2705
    1.7500    1.2015    1.2015
    1.7550    1.0921    1.0921
    1.7600    1.0495    1.0495
    1.7650    1.1808    1.1808
    1.7700    1.1529    1.1529
    1.7750    1.2217    1.2217
    1.7800    1.1596    1.1596
    1.7850    1.2251    1.2251
    1.7900    1.2971    1.2971
    1.7950    0.9462    0.9462
    1.8000    1.1043    1.1043
    1.8050   -1.0000   -1.0000
    1.8100   -1.0000   -1.0000
    1.8150   -1.0000   -1.0000
    1.8200   -1.0000   -1.0000
    1.8250   -1.0000   -1.0000
    1.8300   -1.0000   -1.0000
    1.8350   -1.0000   -1.0000
    1.8400   -1.0000   -1.0000
    1.8450   -1.0000   -1.0000
    1.8500   -1.0000   -1.0000
    1.8550   -1.0000   -1.0000
    1.8600   -1.0000   -1.0000
    1.8650   -1.0000   -1.0000
    1.8700   -1.0000   -1.0000
    1.8750   -1.0000   -1.0000
    1.8800   -1.0000   -1.0000
    1.8850   -1.0000   -1.0000
    1.8900   -1.0000   -1.0000
    1.8950   -1.0000   -1.0000
    1.9000   -1.0000   -1.0000
    1.9050   -1.0000   -1.0000
    1.9100   -1.0000   -1.0000
    1.9150   -1.0000   -1.0000
    1.9200   -1.0000   -1.0000
    1.9250   -1.0000   -1.0000
    1.9300   -1.0000   -1.0000
    1.9350   -1.0000   -1.0000
    1.9400    1.2196    1.2196
    1.9450    0.8225    0.8225
    1.9500    1.0961    1.0961
    1.9550    0.8271    0.8271
    1.9600    0.8759    0.8759
    1.9650    0.8858    0.8858
    1.9700    1.0322    1.0323
    1.9750    1.5418    1.5418
    1.9800    1.1566    1.1567
    1.9850    1.0670    1.0670
    1.9900    1.0154    1.0154
    1.9950    1.0753    1.0753
    2.0000    1.0873    1.0873
    2.0050    1.2747    1.2747
    2.0100    1.3816    1.3816
    2.0150    1.0271    1.0271
    2.0200    1.1044    1.1044
    2.0250    1.0520    1.0520
    2.0300    0.9300    0.9300
    2.0350    1.0152    1.0152
    2.0400    1.2291    1.2291
    2.0450    1.2874    1.2875
    2.0500    1.1943    1.1943
    2.0550    1.2064    1.2064
    2.0600    1.0915    1.0915
    2.0650    1.1233    1.1233
    2.0700    1.1168    1.1168
    2.0750    1.2196    1.2196
    2.0800    1.2427    1.2427
    2.0850    1.3514    1.3514
    2.0900    1.1141    1.1141
    2.0950    1.1440    1.1440
    2.1000    1.1968    1.1968
    2.1050    1.1812    1.1812
    2.1100    0.9859    0.9859
    2.1150    1.1221    1.1221
    2.1200    1.0599    1.0599
    2.1250    1.1369    1.1369
    2.1300    1.2240    1.2240
    2.1350    1.0363    1.0363
    2.1400    1.1636    1.1636
    2.1450    1.1033    1.1033
    2.1500    0.9700    0.9700
    2.1550    1.1808    1.1808
    2.1600    1.0513    1.0513
    2.1650    1.2057    1.2057
    2.1700    1.0487    1.0488
    2.1750    1.0864    1.0864
    2.1800    1.2038    1.2038
    2.1850    1.0977    1.0977
    2.1900    1.1370    1.1370
    2.1950    1.1219    1.1219
    2.2000    1.2346    1.2346
    2.2050    1.0143    1.0143
    2.2100    1.2036    1.2037
    2.2150    1.2285    1.2286
    2.2200    0.9844    0.9844
    2.2250    1.0373    1.0373
    2.2300    1.0537    1.0537
    2.2350    1.0068    1.0069
    2.2400    1.2294    1.2294
    2.2450    1.0216    1.0216
    2.2500    0.9027    0.9027
    2.2550    1.0535    1.0535
    2.2600    1.2714    1.2714
    2.2650    1.1280    1.1280
    2.2700    1.2535    1.2535
    2.2750    1.1032    1.1032
    2.2800    1.1298    1.1298
    2.2850    1.1828    1.1828
    2.2900    1.3198    1.3198
    2.2950    1.2160    1.2160
    2.3000    1.2145    1.2145
    2.3050    1.3268    1.3268
    2.3100    1.2965    1.2965
    2.3150    1.1147    1.1147
    2.3200    1.1883    1.1883
    2.3250    0.9008    0.9008
    2.3300    1.1052    1.1052
    2.3350    1.0040    1.0040
    2.3400    1.2911    1.2912
    2.3450    1.3102    1.3102
    2.3500    1.0707    1.0707
    2.3550    0.8915    0.8915
    2.3600    1.2183    1.2184
    2.3650    1.0322    1.0323
    2.3700    1.0968    1.0968
    2.3750    1.4459    1.4459
    2.3800    1.1548    1.1548
    2.3850    0.9836    0.9836
    2.3900    1.2814    1.2814
    2.3950    0.9233    0.9233
    2.4000    1.4840    1.4841
    2.4050    1.5017    1.5017
    2.4100    1.2587    1.2587
    2.4150    1.5615    1.5615
    2.4200    1.6702    1.6702
    2.4250    1.7239    1.7239
    2.4300    1.0185    1.0185
    2.4350    0.7621    0.7621
    2.4400    1.5618    1.5618
    2.4450   -1.0000   -1.0000
    2.4500   -1.0000   -1.0000
    2.4550   -1.0000   -1.0000
    2.4600   -1.0000   -1.0000
    2.4650   -1.0000   -1.0000
    2.4700   -1.0000   -1.0000
    2.4750   -1.0000   -1.0000
    2.4800   -1.0000   -1.0000
    2.4850   -1.0000   -1.0000
    2.4900   -1.0000   -1.0000
