     0.6500    -1.0000    -1.0000         0
     0.6550    -1.0000    -1.0000         0
     0.6600    -1.0000    -1.0000         0
     0.6650    -1.0000    -1.0000         0
     0.6700    -1.0000    -1.0000         0
     0.6750    -1.0000    -1.0000         0
     0.6800    -1.0000    -1.0000         0
     0.6850    -1.0000    -1.0000         0
     0.6900    -1.0000    -1.0000         0
     0.6950    -1.0000    -1.0000         0
     0.7000    -1.0000    -1.0000         0
     0.7050    -1.0000    -1.0000         0
     0.7100    -1.0000    -1.0000         0
     0.7150    -1.0000    -1.0000         0
     0.7200    -1.0000    -1.0000         0
     0.7250    -1.0000    -1.0000         0
     0.7300    -1.0000    -1.0000         0
     0.7350    -1.0000    -1.0000         0
     0.7400    -1.0000    -1.0000         0
     0.7450    -1.0000    -1.0000         0
     0.7500    -1.0000    -1.0000         0
     0.7550    -1.0000    -1.0000         0
     0.7600    -1.0000    -1.0000         0
     0.7650    -1.0000    -1.0000         0
     0.7700    -1.0000    -1.0000         0
     0.7750    -1.0000    -1.0000         0
     0.7800    -1.0000    -1.0000         0
     0.7850    -1.0000    -1.0000         0
     0.7900    -1.0000    -1.0000         0
     0.7950    -1.0000    -1.0000         0
     0.8000    -1.0000    -1.0000         0
     0.8050    -1.0000    -1.0000         0
     0.8100    -1.0000    -1.0000         0
     0.8150    -1.0000    -1.0000         0
     0.8200     0.7205     0.0480         1
     0.8250     0.7829     0.0544         1
     0.8300     0.8094     0.0486         1
     0.8350     0.8219     0.0510         1
     0.8400     0.7865     0.0534         1
     0.8450     0.7384     0.0480         1
     0.8500     0.7628     0.0463         1
     0.8550     0.7816     0.0477         1
     0.8600     0.7566     0.0521         1
     0.8650     0.7030     0.0461         1
     0.8700     0.6484     0.0420         1
     0.8750     0.6552     0.0452         1
     0.8800     0.6479     0.0426         1
     0.8850     0.7034     0.0429         1
     0.8900     0.6888     0.0455         1
     0.8950     0.6853     0.0458         1
     0.9000     0.7616     0.0446         1
     0.9050     0.8039     0.0437         1
     0.9100     0.8346     0.0456         1
     0.9150     0.8151     0.0473         1
     0.9200     0.7384     0.0437         1
     0.9250     0.7143     0.0445         1
     0.9300     0.7501     0.0441         1
     0.9350     0.7935     0.0477         1
     0.9400     0.7602     0.0445         1
     0.9450     0.7240     0.0486         1
     0.9500     0.6727     0.0488         1
     0.9550     0.7404     0.0467         1
     0.9600     0.8416     0.0496         1
     0.9650     0.7982     0.0451         1
     0.9700     0.7615     0.0418         1
     0.9750     0.7599     0.0420         1
     0.9800     0.7578     0.0378         1
     0.9850     0.7550     0.0385         1
     0.9900     0.8013     0.0371         1
     0.9950     0.8230     0.0379         1
     1.0000     0.7898     0.0361         1
     1.0050     0.7970     0.0390         1
     1.0100     0.7878     0.0365         1
     1.0150     0.8052     0.0415         1
     1.0200     0.8533     0.0368         1
     1.0250     0.8485     0.0407         1
     1.0300     0.8805     0.0402         1
     1.0350     0.9043     0.0390         1
     1.0400     0.8805     0.0379         1
     1.0450     0.8838     0.0379         1
     1.0500     0.8762     0.0400         1
     1.0550     0.8589     0.0370         1
     1.0600     0.8296     0.0357         1
     1.0650     0.8157     0.0386         1
     1.0700     0.8208     0.0367         1
     1.0750     0.7878     0.0387         1
     1.0800     0.7919     0.0424         1
     1.0850     0.8560     0.0360         1
     1.0900     0.9290     0.0434         1
     1.0950     0.9377     0.0447         1
     1.1000     0.9390     0.0434         1
     1.1050     0.8990     0.0457         1
     1.1100     0.8618     0.0476         1
     1.1150     0.9591     0.0440         1
     1.1200     0.9754     0.0533         1
     1.1250     0.9102     0.0570         1
     1.1300     0.9145     0.0581         1
     1.1350     0.8760     0.0532         1
     1.1400     0.9277     0.0536         1
     1.1450     1.0731     0.0643         1
     1.1500     1.0036     0.0582         1
     1.1550     0.9409     0.0535         1
     1.1600     0.9985     0.0528         1
     1.1650     1.0150     0.0596         1
     1.1700     1.0066     0.0508         1
     1.1750     1.0753     0.0464         1
     1.1800     1.0764     0.0521         1
     1.1850     1.0282     0.0504         1
     1.1900     1.0440     0.0490         1
     1.1950     1.0322     0.0513         1
     1.2000     1.0425     0.0489         1
     1.2050     1.0249     0.0486         1
     1.2100     1.0124     0.0483         1
     1.2150     0.9487     0.0465         1
     1.2200     0.9382     0.0554         1
     1.2250     0.9474     0.0470         1
     1.2300     0.9349     0.0424         1
     1.2350     0.9762     0.0453         1
     1.2400     1.0101     0.0492         1
     1.2450     1.0197     0.0453         1
     1.2500     1.0291     0.0470         1
     1.2550     0.9868     0.0443         1
     1.2600     1.0528     0.0456         1
     1.2650    -1.0000    -1.0000         0
     1.2700     1.1104     0.0545         1
     1.2750     0.9723     0.0519         1
     1.2800     1.0236     0.0504         1
     1.2850     1.0370     0.0571         1
     1.2900     1.0333     0.0508         1
     1.2950     1.0449     0.0471         1
     1.3000     0.9741     0.0521         1
     1.3050     1.1546     0.0556         1
     1.3100    -1.0000    -1.0000         0
     1.3150     1.1286     0.0566         1
     1.3200     1.0894     0.0563         1
     1.3250     1.1189     0.0583         1
     1.3300     1.1394     0.0619         1
     1.3350     1.0626     0.0602         1
     1.3400     1.0587     0.0650         1
     1.3450     1.1689     0.0793         1
     1.3500     1.2416     0.1139         1
     1.3550     1.1950     0.1704         1
     1.3600    -1.0000    -1.0000         0
     1.3650    -1.0000    -1.0000         0
     1.3700    -1.0000    -1.0000         0
     1.3750    -1.0000    -1.0000         0
     1.3800     0.9387     0.2417         1
     1.3850    -1.0000    -1.0000         0
     1.3900     1.0410     0.2222         1
     1.3950     1.0541     0.1866         1
     1.4000     1.2139     0.1913         1
     1.4050    -1.0000    -1.0000         0
     1.4100     1.1147     0.1476         1
     1.4150     0.9886     0.1145         1
     1.4200     1.0137     0.0991         1
     1.4250     1.0767     0.1056         1
     1.4300     1.1614     0.0954         1
     1.4350     1.0905     0.0873         1
     1.4400     1.1703     0.0834         1
     1.4450     1.2131     0.0891         1
     1.4500     1.1421     0.0750         1
     1.4550     1.1243     0.0805         1
     1.4600     1.2368     0.0742         1
     1.4650     1.1836     0.0798         1
     1.4700    -1.0000    -1.0000         0
     1.4750     1.0334     0.0704         1
     1.4800     1.1050     0.0656         1
     1.4850     1.0409     0.0659         1
     1.4900     1.0931     0.0625         1
     1.4950     1.0929     0.0611         1
     1.5000     0.9865     0.0574         1
     1.5050     1.2101     0.0574         1
     1.5100     1.2413     0.0670         1
     1.5150     0.9893     0.0546         1
     1.5200     1.0237     0.0541         1
     1.5250     1.0992     0.0542         1
     1.5300     1.1464     0.0587         1
     1.5350     1.1610     0.0594         1
     1.5400     1.1810     0.0571         1
     1.5450     1.0833     0.0583         1
     1.5500     1.0231     0.0535         1
     1.5550     1.0449     0.0567         1
     1.5600     1.0526     0.0545         1
     1.5650     1.0473     0.0599         1
     1.5700     1.1501     0.0606         1
     1.5750     1.3117     0.0630         1
     1.5800     1.2529     0.0751         1
     1.5850     1.1433     0.0656         1
     1.5900     1.2195     0.0669         1
     1.5950     1.2066     0.0632         1
     1.6000     1.2352     0.0711         1
     1.6050     1.2942     0.0659         1
     1.6100     1.1700     0.0649         1
     1.6150     1.0611     0.0600         1
     1.6200     1.0493     0.0600         1
     1.6250     1.0558     0.0571         1
     1.6300     1.1901     0.0642         1
     1.6350     1.2371     0.0689         1
     1.6400     1.1872     0.0646         1
     1.6450     1.2019     0.0722         1
     1.6500     1.1714     0.0626         1
     1.6550     1.1008     0.0617         1
     1.6600     1.1516     0.0609         1
     1.6650     1.2087     0.0642         1
     1.6700     1.0509     0.0639         1
     1.6750     0.9483     0.0609         1
     1.6800     1.0581     0.0614         1
     1.6850     1.0469     0.0682         1
     1.6900     0.9467     0.0615         1
     1.6950     1.0143     0.0608         1
     1.7000     1.1024     0.0658         1
     1.7050     1.0963     0.0700         1
     1.7100     1.0507     0.0664         1
     1.7150     1.1725     0.0653         1
     1.7200     1.2361     0.0821         1
     1.7250     1.0929     0.0704         1
     1.7300     1.1436     0.0908         1
     1.7350     1.1955     0.0819         1
     1.7400     1.1525     0.0751         1
     1.7450     1.0471     0.0721         1
     1.7500     1.1114     0.0719         1
     1.7550     1.2249     0.0748         1
     1.7600     1.2190     0.0759         1
     1.7650     1.2433     0.0860         1
     1.7700     1.2197     0.0946         1
     1.7750     1.1647     0.0891         1
     1.7800     1.1419     0.0873         1
     1.7850     1.1617     0.0879         1
     1.7900     1.2116     0.0985         1
     1.7950     1.0954     0.1129         1
     1.8000     0.8280     0.1104         1
     1.8050     0.9632     0.1180         1
     1.8100     1.1480     0.1742         1
     1.8150     0.9755     0.1652         1
     1.8200     0.9992     0.2000         1
     1.8250     0.8368     0.2437         1
     1.8300     0.9545     0.3198         1
     1.8350     1.0955     0.5704         1
     1.8400     1.2085     0.7819         1
     1.8450     1.3487     0.1098         1
     1.8500    -1.0000    -1.0000         0
     1.8550    -1.0000    -1.0000         0
     1.8600     1.1313     0.6372         1
     1.8650     1.4387     0.9390         1
     1.8700     1.1071     0.9426         1
     1.8750     0.9791     0.5816         1
     1.8800     1.1042     0.6951         1
     1.8850    -1.0000    -1.0000         0
     1.8900    -1.0000    -1.0000         0
     1.8950     0.9080     0.3554         1
     1.9000     0.9978     0.5325         1
     1.9050    -1.0000    -1.0000         0
     1.9100    -1.0000    -1.0000         0
     1.9150     0.8913     0.4267         1
     1.9200    -1.0000    -1.0000         0
     1.9250     0.8767     0.2398         1
     1.9300     0.9114     0.3012         1
     1.9350    -1.0000    -1.0000         0
     1.9400    -1.0000    -1.0000         0
     1.9450     0.9995     0.2013         1
     1.9500     1.0869     0.2034         1
     1.9550     1.2128     0.1768         1
     1.9600     1.1619     0.1844         1
     1.9650     0.8473     0.1642         1
     1.9700     0.9680     0.1372         1
     1.9750     1.0315     0.1310         1
     1.9800     0.9136     0.1109         1
     1.9850     1.0611     0.1081         1
     1.9900     1.1505     0.1147         1
     1.9950     1.0121     0.1167         1
     2.0000     1.1986     0.1352         1
     2.0050     1.3692     0.1941         1
     2.0100     0.9050     0.1843         1
     2.0150     0.8750     0.1543         1
     2.0200     1.0039     0.1465         1
     2.0250     1.1376     0.1278         1
     2.0300     1.0392     0.1292         1
     2.0350     1.1458     0.1038         1
     2.0400     1.2936     0.1192         1
     2.0450     1.0850     0.1161         1
     2.0500     1.0640     0.1339         1
     2.0550     0.9621     0.1348         1
     2.0600     0.9703     0.1177         1
     2.0650     1.3028     0.1256         1
     2.0700     1.1669     0.1454         1
     2.0750     0.9372     0.1265         1
     2.0800     1.1658     0.1193         1
     2.0850     1.2772     0.1268         1
     2.0900     1.1508     0.1220         1
     2.0950     1.1137     0.1285         1
     2.1000     1.1495     0.1118         1
     2.1050     1.1909     0.1105         1
     2.1100     1.2024     0.1268         1
     2.1150     1.1174     0.1206         1
     2.1200     1.2150     0.1116         1
     2.1250     1.2683     0.1325         1
     2.1300     1.0433     0.1209         1
     2.1350     1.0630     0.1116         1
     2.1400     1.0965     0.1164         1
     2.1450     1.2338     0.1198         1
     2.1500     1.1300     0.1445         1
     2.1550     0.9659     0.1168         1
     2.1600     1.1055     0.1334         1
     2.1650     0.9337     0.1228         1
     2.1700     0.8397     0.1257         1
     2.1750     1.1376     0.1246         1
     2.1800     1.3186     0.1590         1
     2.1850     0.9834     0.1368         1
     2.1900     1.0927     0.1313         1
     2.1950     1.2127     0.1431         1
     2.2000     1.0770     0.1281         1
     2.2050     1.1583     0.1313         1
     2.2100     1.0595     0.1496         1
     2.2150     1.0151     0.1277         1
     2.2200     1.0210     0.1407         1
     2.2250     0.8190     0.1254         1
     2.2300     1.0536     0.1310         1
     2.2350     1.1533     0.1603         1
     2.2400     0.9381     0.1448         1
     2.2450     0.9524     0.1393         1
     2.2500     0.9776     0.1332         1
     2.2550     1.1820     0.1478         1
     2.2600     1.0986     0.1501         1
     2.2650     0.9955     0.1378         1
     2.2700     1.1186     0.1474         1
     2.2750     1.2626     0.1587         1
     2.2800     1.1825     0.1586         1
     2.2850     0.8577     0.1462         1
     2.2900     0.9317     0.1442         1
     2.2950     1.2304     0.1768         1
     2.3000     1.0725     0.1703         1
     2.3050     1.0931     0.1464         1
     2.3100     1.0453     0.1702         1
     2.3150     1.1589     0.1750         1
     2.3200     1.2468     0.1953         1
     2.3250     0.9864     0.1720         1
     2.3300     1.1316     0.1725         1
     2.3350     1.2300     0.1808         1
     2.3400     1.2579     0.2030         1
     2.3450     1.2699     0.1911         1
     2.3500     1.2537     0.2132         1
     2.3550     1.1133     0.1882         1
     2.3600     1.2440     0.1951         1
     2.3650     0.9828     0.2224         1
     2.3700     1.1140     0.1829         1
     2.3750     1.1899     0.2570         1
     2.3800     1.0583     0.1784         1
     2.3850     1.3219     0.2564         1
     2.3900     0.7970     0.2339         1
     2.3950     1.0952     0.2274         1
     2.4000    -1.0000    -1.0000         0
     2.4050     1.2737     0.2797         1
     2.4100     0.7661     0.2346         1
     2.4150    -1.0000    -1.0000         0
     2.4200     1.4941     0.2156         1
     2.4250    -1.0000    -1.0000         0
     2.4300     1.2071     0.2673         1
     2.4350     1.2122     0.2879         1
     2.4400     0.9145     0.3005         1
     2.4450     0.8239     0.2970         1
     2.4500    -1.0000    -1.0000         0
     2.4550    -1.0000    -1.0000         0
     2.4600    -1.0000    -1.0000         0
     2.4650    -1.0000    -1.0000         0
     2.4700    -1.0000    -1.0000         0
     2.4750    -1.0000    -1.0000         0
     2.4800    -1.0000    -1.0000         0
     2.4850    -1.0000    -1.0000         0
     2.4900    -1.0000    -1.0000         0
