     0.6500    -1.0000    -1.0000         0
     0.6550    -1.0000    -1.0000         0
     0.6600    -1.0000    -1.0000         0
     0.6650    -1.0000    -1.0000         0
     0.6700    -1.0000    -1.0000         0
     0.6750    -1.0000    -1.0000         0
     0.6800    -1.0000    -1.0000         0
     0.6850    -1.0000    -1.0000         0
     0.6900    -1.0000    -1.0000         0
     0.6950    -1.0000    -1.0000         0
     0.7000    -1.0000    -1.0000         0
     0.7050    -1.0000    -1.0000         0
     0.7100    -1.0000    -1.0000         0
     0.7150    -1.0000    -1.0000         0
     0.7200    -1.0000    -1.0000         0
     0.7250    -1.0000    -1.0000         0
     0.7300    -1.0000    -1.0000         0
     0.7350    -1.0000    -1.0000         0
     0.7400    -1.0000    -1.0000         0
     0.7450    -1.0000    -1.0000         0
     0.7500    -1.0000    -1.0000         0
     0.7550    -1.0000    -1.0000         0
     0.7600    -1.0000    -1.0000         0
     0.7650    -1.0000    -1.0000         0
     0.7700    -1.0000    -1.0000         0
     0.7750    -1.0000    -1.0000         0
     0.7800    -1.0000    -1.0000         0
     0.7850    -1.0000    -1.0000         0
     0.7900    -1.0000    -1.0000         0
     0.7950    -1.0000    -1.0000         0
     0.8000    -1.0000    -1.0000         0
     0.8050    -1.0000    -1.0000         0
     0.8100    -1.0000    -1.0000         0
     0.8150    -1.0000    -1.0000         0
     0.8200     0.6710     0.0270         1
     0.8250     0.7349     0.0277         1
     0.8300     0.7420     0.0292         1
     0.8350     0.7483     0.0272         1
     0.8400     0.7446     0.0283         1
     0.8450     0.7170     0.0269         1
     0.8500     0.7517     0.0258         1
     0.8550     0.7522     0.0287         1
     0.8600     0.6932     0.0272         1
     0.8650     0.6741     0.0251         1
     0.8700     0.6560     0.0241         1
     0.8750     0.6340     0.0230         1
     0.8800     0.6489     0.0237         1
     0.8850     0.6662     0.0232         1
     0.8900     0.6907     0.0241         1
     0.8950     0.7367     0.0239         1
     0.9000     0.7913     0.0244         1
     0.9050     0.7892     0.0264         1
     0.9100     0.8028     0.0248         1
     0.9150     0.8269     0.0253         1
     0.9200     0.8074     0.0248         1
     0.9250     0.7813     0.0241         1
     0.9300     0.7631     0.0234         1
     0.9350     0.7797     0.0245         1
     0.9400     0.7975     0.0275         1
     0.9450     0.8004     0.0278         1
     0.9500     0.8133     0.0289         1
     0.9550     0.8245     0.0288         1
     0.9600     0.8048     0.0279         1
     0.9650     0.8173     0.0269         1
     0.9700     0.8443     0.0260         1
     0.9750     0.8524     0.0254         1
     0.9800     0.8698     0.0240         1
     0.9850     0.8668     0.0246         1
     0.9900     0.8518     0.0237         1
     0.9950     0.8613     0.0231         1
     1.0000     0.8760     0.0223         1
     1.0050     0.9125     0.0241         1
     1.0100     0.8919     0.0236         1
     1.0150     0.8652     0.0246         1
     1.0200     0.8916     0.0252         1
     1.0250     0.9560     0.0247         1
     1.0300     0.9472     0.0241         1
     1.0350     0.9474     0.0239         1
     1.0400     0.9531     0.0229         1
     1.0450     0.9464     0.0237         1
     1.0500     0.9502     0.0248         1
     1.0550     0.9675     0.0257         1
     1.0600     0.9635     0.0230         1
     1.0650     0.9514     0.0239         1
     1.0700     1.0304     0.0250         1
     1.0750    -1.0000    -1.0000         0
     1.0800    -1.0000    -1.0000         0
     1.0850    -1.0000    -1.0000         0
     1.0900    -1.0000    -1.0000         0
     1.0950     1.1081     0.0274         1
     1.1000     1.0891     0.0287         1
     1.1050     1.0570     0.0269         1
     1.1100     1.0222     0.0275         1
     1.1150     1.0329     0.0315         1
     1.1200     1.0367     0.0295         1
     1.1250     0.9727     0.0321         1
     1.1300     0.9359     0.0343         1
     1.1350     0.9373     0.0340         1
     1.1400    -1.0000    -1.0000         0
     1.1450    -1.0000    -1.0000         0
     1.1500     1.0146     0.0312         1
     1.1550     0.9199     0.0339         1
     1.1600    -1.0000    -1.0000         0
     1.1650     0.9513     0.0287         1
     1.1700     0.9967     0.0280         1
     1.1750     1.0122     0.0284         1
     1.1800     1.0113     0.0279         1
     1.1850     1.0050     0.0283         1
     1.1900     1.0146     0.0271         1
     1.1950     1.0226     0.0293         1
     1.2000     1.0578     0.0264         1
     1.2050     1.0204     0.0279         1
     1.2100     1.0375     0.0291         1
     1.2150     0.9967     0.0302         1
     1.2200     0.9906     0.0300         1
     1.2250     0.9870     0.0298         1
     1.2300     0.9625     0.0297         1
     1.2350     1.0187     0.0268         1
     1.2400     0.9907     0.0297         1
     1.2450     0.9735     0.0263         1
     1.2500     0.9790     0.0270         1
     1.2550     0.9482     0.0277         1
     1.2600     1.0225     0.0283         1
     1.2650     1.0701     0.0356         1
     1.2700     1.0265     0.0315         1
     1.2750     0.9836     0.0331         1
     1.2800     1.0054     0.0322         1
     1.2850     1.0455     0.0288         1
     1.2900     1.0964     0.0305         1
     1.2950     1.1115     0.0338         1
     1.3000     1.0434     0.0312         1
     1.3050     1.0533     0.0300         1
     1.3100     1.0686     0.0301         1
     1.3150     1.1160     0.0317         1
     1.3200     1.0931     0.0360         1
     1.3250     1.0474     0.0324         1
     1.3300     1.0604     0.0335         1
     1.3350     1.0673     0.0328         1
     1.3400     1.0461     0.0391         1
     1.3450     1.0270     0.0435         1
     1.3500     1.0499     0.0604         1
     1.3550     1.0953     0.0903         1
     1.3600     1.1785     0.1843         1
     1.3650     1.1106     0.2119         1
     1.3700    -1.0000    -1.0000         0
     1.3750    -1.0000    -1.0000         0
     1.3800     1.1763     0.1338         1
     1.3850    -1.0000    -1.0000         0
     1.3900    -1.0000    -1.0000         0
     1.3950    -1.0000    -1.0000         0
     1.4000     1.1416     0.1136         1
     1.4050    -1.0000    -1.0000         0
     1.4100     1.0003     0.0860         1
     1.4150    -1.0000    -1.0000         0
     1.4200     1.0665     0.0646         1
     1.4250     1.1996     0.0531         1
     1.4300    -1.0000    -1.0000         0
     1.4350     1.1447     0.0540         1
     1.4400     1.1390     0.0491         1
     1.4450     1.1671     0.0478         1
     1.4500     1.2227     0.0476         1
     1.4550     1.2005     0.0454         1
     1.4600     1.1260     0.0435         1
     1.4650     1.1303     0.0412         1
     1.4700     1.0977     0.0441         1
     1.4750     1.0154     0.0426         1
     1.4800     1.1005     0.0389         1
     1.4850     1.2129     0.0378         1
     1.4900     1.0978     0.0399         1
     1.4950     1.0725     0.0330         1
     1.5000     1.1680     0.0375         1
     1.5050     1.1598     0.0384         1
     1.5100     1.0880     0.0373         1
     1.5150     1.0293     0.0325         1
     1.5200     1.0420     0.0327         1
     1.5250     1.1032     0.0354         1
     1.5300     1.1885     0.0354         1
     1.5350     1.1376     0.0377         1
     1.5400     1.0292     0.0340         1
     1.5450     1.0769     0.0326         1
     1.5500     1.1088     0.0402         1
     1.5550     1.1049     0.0370         1
     1.5600     1.1667     0.0358         1
     1.5650     1.2223     0.0368         1
     1.5700     1.1424     0.0370         1
     1.5750     1.0520     0.0357         1
     1.5800     1.0744     0.0339         1
     1.5850     1.2004     0.0367         1
     1.5900     1.2032     0.0397         1
     1.5950     1.1422     0.0388         1
     1.6000     1.1752     0.0464         1
     1.6050     1.0970     0.0363         1
     1.6100     1.1130     0.0367         1
     1.6150     1.2057     0.0380         1
     1.6200     1.2319     0.0384         1
     1.6250     1.1679     0.0398         1
     1.6300     1.0372     0.0377         1
     1.6350     1.0345     0.0381         1
     1.6400     1.1132     0.0377         1
     1.6450     1.1390     0.0377         1
     1.6500     1.0732     0.0357         1
     1.6550     1.0949     0.0363         1
     1.6600     1.2680     0.0456         1
     1.6650     1.1591     0.0464         1
     1.6700     1.0813     0.0379         1
     1.6750     1.1955     0.0408         1
     1.6800     1.1327     0.0407         1
     1.6850     1.1207     0.0407         1
     1.6900     1.0568     0.0412         1
     1.6950     1.1128     0.0386         1
     1.7000     1.2878     0.0450         1
     1.7050     1.2172     0.0452         1
     1.7100     1.0966     0.0444         1
     1.7150     1.0033     0.0409         1
     1.7200     1.0295     0.0418         1
     1.7250     1.1821     0.0427         1
     1.7300     1.2108     0.0486         1
     1.7350     1.1214     0.0444         1
     1.7400     1.1899     0.0458         1
     1.7450     1.1214     0.0476         1
     1.7500     1.0555     0.0469         1
     1.7550     1.2417     0.0466         1
     1.7600     1.2475     0.0504         1
     1.7650     1.1484     0.0469         1
     1.7700     1.1558     0.0503         1
     1.7750     1.1561     0.0499         1
     1.7800     1.1653     0.0519         1
     1.7850     1.1996     0.0524         1
     1.7900     1.0927     0.0594         1
     1.7950     1.0402     0.0584         1
     1.8000     1.1714     0.0671         1
     1.8050     1.3243     0.0834         1
     1.8100     1.0898     0.1041         1
     1.8150     0.8751     0.0931         1
     1.8200     1.2153     0.1162         1
     1.8250     1.1344     0.1636         1
     1.8300     1.0869     0.1898         1
     1.8350     1.1746     0.3066         1
     1.8400     0.9384     0.3505         1
     1.8450     0.8881     0.3660         1
     1.8500    -1.0000    -1.0000         0
     1.8550    -1.0000    -1.0000         0
     1.8600     0.9272     0.3298         1
     1.8650    -1.0000    -1.0000         0
     1.8700     0.8893     0.3837         1
     1.8750     0.9318     0.3222         1
     1.8800    -1.0000    -1.0000         0
     1.8850    -1.0000    -1.0000         0
     1.8900     1.0555     0.1867         1
     1.8950    -1.0000    -1.0000         0
     1.9000    -1.0000    -1.0000         0
     1.9050     0.9641     0.2978         1
     1.9100    -1.0000    -1.0000         0
     1.9150    -1.0000    -1.0000         0
     1.9200    -1.0000    -1.0000         0
     1.9250     1.0548     0.1425         1
     1.9300     0.8553     0.1490         1
     1.9350    -1.0000    -1.0000         0
     1.9400    -1.0000    -1.0000         0
     1.9450    -1.0000    -1.0000         0
     1.9500     1.0038     0.1093         1
     1.9550     1.1614     0.0942         1
     1.9600     1.3382     0.1193         1
     1.9650     1.1734     0.0957         1
     1.9700     1.0793     0.0839         1
     1.9750     0.9907     0.0718         1
     1.9800     1.1477     0.0663         1
     1.9850     1.1432     0.0731         1
     1.9900     1.0913     0.0729         1
     1.9950     1.2568     0.0740         1
     2.0000     1.1683     0.0918         1
     2.0050     1.0688     0.0958         1
     2.0100     1.2979     0.1206         1
     2.0150     1.3153     0.1152         1
     2.0200     1.1928     0.0950         1
     2.0250     1.4907     0.0876         1
     2.0300     1.4627     0.0907         1
     2.0350    -1.0000    -1.0000         0
     2.0400    -1.0000    -1.0000         0
     2.0450     1.1008     0.0777         1
     2.0500     0.9139     0.0667         1
     2.0550     1.2910     0.0764         1
     2.0600    -1.0000    -1.0000         0
     2.0650     1.3743     0.0972         1
     2.0700     1.0680     0.0838         1
     2.0750     1.0502     0.0723         1
     2.0800     1.2177     0.0769         1
     2.0850     1.1962     0.0753         1
     2.0900     1.2630     0.0736         1
     2.0950     1.2616     0.0730         1
     2.1000     1.2428     0.0718         1
     2.1050     1.2181     0.0749         1
     2.1100     1.1199     0.0778         1
     2.1150     1.2756     0.0746         1
     2.1200     1.3449     0.0840         1
     2.1250     1.2545     0.0772         1
     2.1300     1.2138     0.0805         1
     2.1350     1.2009     0.0752         1
     2.1400     1.2036     0.0784         1
     2.1450     1.0757     0.0740         1
     2.1500     1.2927     0.0790         1
     2.1550     1.4269     0.0950         1
     2.1600     1.2575     0.0843         1
     2.1650     1.1587     0.0865         1
     2.1700     1.1238     0.0817         1
     2.1750     1.1826     0.0771         1
     2.1800     1.2475     0.0841         1
     2.1850     1.1113     0.0836         1
     2.1900     0.9774     0.0793         1
     2.1950     1.1536     0.0801         1
     2.2000     1.3553     0.0891         1
     2.2050     1.3262     0.0991         1
     2.2100     1.0935     0.0882         1
     2.2150     1.1327     0.0751         1
     2.2200     1.2740     0.0926         1
     2.2250     1.1164     0.0960         1
     2.2300     1.0033     0.0804         1
     2.2350     1.1951     0.0801         1
     2.2400     1.3197     0.0963         1
     2.2450     1.2096     0.0925         1
     2.2500     1.0988     0.0933         1
     2.2550     1.1044     0.0877         1
     2.2600     1.2341     0.0968         1
     2.2650     1.1996     0.0947         1
     2.2700     1.1710     0.0968         1
     2.2750     1.0456     0.1010         1
     2.2800     1.1671     0.0988         1
     2.2850     1.2938     0.1160         1
     2.2900     1.1477     0.1008         1
     2.2950     1.1771     0.1033         1
     2.3000     1.3443     0.1055         1
     2.3050     1.2468     0.1164         1
     2.3100     1.1960     0.0962         1
     2.3150     1.3082     0.1145         1
     2.3200     1.2358     0.1093         1
     2.3250     1.2815     0.1140         1
     2.3300     1.2323     0.1151         1
     2.3350     1.2749     0.1150         1
     2.3400     1.0871     0.1193         1
     2.3450     1.1644     0.1061         1
     2.3500     1.3115     0.1400         1
     2.3550     1.2221     0.1134         1
     2.3600     1.3917     0.1282         1
     2.3650     1.2543     0.1330         1
     2.3700     1.3565     0.1346         1
     2.3750     1.4167     0.1478         1
     2.3800     0.9517     0.1373         1
     2.3850     1.1023     0.1143         1
     2.3900     1.4225     0.1471         1
     2.3950     1.2901     0.1318         1
     2.4000    -1.0000    -1.0000         0
     2.4050     1.3969     0.1848         1
     2.4100     1.0624     0.1295         1
     2.4150     1.0652     0.1572         1
     2.4200     1.0651     0.1150         1
     2.4250     0.9829     0.1474         1
     2.4300    -1.0000    -1.0000         0
     2.4350    -1.0000    -1.0000         0
     2.4400    -1.0000    -1.0000         0
     2.4450    -1.0000    -1.0000         0
     2.4500    -1.0000    -1.0000         0
     2.4550    -1.0000    -1.0000         0
     2.4600    -1.0000    -1.0000         0
     2.4650    -1.0000    -1.0000         0
     2.4700    -1.0000    -1.0000         0
     2.4750    -1.0000    -1.0000         0
     2.4800    -1.0000    -1.0000         0
     2.4850    -1.0000    -1.0000         0
     2.4900    -1.0000    -1.0000         0
