    0.6500   -1.0000   -1.0000
    0.6550   -1.0000   -1.0000
    0.6600   -1.0000   -1.0000
    0.6650   -1.0000   -1.0000
    0.6700   -1.0000   -1.0000
    0.6750   -1.0000   -1.0000
    0.6800   -1.0000   -1.0000
    0.6850   -1.0000   -1.0000
    0.6900   -1.0000   -1.0000
    0.6950   -1.0000   -1.0000
    0.7000   -1.0000   -1.0000
    0.7050   -1.0000   -1.0000
    0.7100   -1.0000   -1.0000
    0.7150   -1.0000   -1.0000
    0.7200   -1.0000   -1.0000
    0.7250   -1.0000   -1.0000
    0.7300   -1.0000   -1.0000
    0.7350   -1.0000   -1.0000
    0.7400    0.7188    0.7191
    0.7450    0.7650    0.7652
    0.7500    0.7852    0.7853
    0.7550    0.7395    0.7396
    0.7600    0.7241    0.7241
    0.7650    0.6196    0.6197
    0.7700    0.6346    0.6347
    0.7750    0.6641    0.6642
    0.7800    0.6424    0.6424
    0.7850    0.6252    0.6252
    0.7900    0.6148    0.6148
    0.7950    0.6003    0.6003
    0.8000    0.5777    0.5777
    0.8050    0.5779    0.5779
    0.8100    0.5450    0.5450
    0.8150    0.5337    0.5337
    0.8200    0.5137    0.5137
    0.8250    0.5099    0.5099
    0.8300    0.4960    0.4960
    0.8350    0.4802    0.4802
    0.8400    0.4684    0.4684
    0.8450    0.4661    0.4661
    0.8500    0.4635    0.4635
    0.8550    0.4528    0.4528
    0.8600    0.4392    0.4392
    0.8650    0.4237    0.4237
    0.8700    0.4172    0.4172
    0.8750    0.4034    0.4034
    0.8800    0.3905    0.3905
    0.8850    0.3850    0.3850
    0.8900    0.3923    0.3923
    0.8950    0.3739    0.3739
    0.9000    0.3764    0.3764
    0.9050    0.3619    0.3619
    0.9100    0.3507    0.3507
    0.9150    0.3480    0.3480
    0.9200    0.3471    0.3471
    0.9250    0.3476    0.3476
    0.9300    0.3413    0.3413
    0.9350    0.3428    0.3428
    0.9400    0.3289    0.3289
    0.9450    0.3042    0.3042
    0.9500    0.3007    0.3007
    0.9550    0.3067    0.3067
    0.9600    0.3094    0.3094
    0.9650    0.3189    0.3189
    0.9700    0.3320    0.3320
    0.9750    0.3508    0.3508
    0.9800    0.3667    0.3667
    0.9850    0.3777    0.3777
    0.9900    0.3911    0.3911
    0.9950    0.4051    0.4051
    1.0000    0.4234    0.4234
    1.0050    0.4365    0.4365
    1.0100    0.4446    0.4446
    1.0150    0.4665    0.4665
    1.0200    0.4856    0.4856
    1.0250    0.4933    0.4933
    1.0300    0.5034    0.5034
    1.0350    0.5165    0.5165
    1.0400    0.5363    0.5363
    1.0450    0.5549    0.5549
    1.0500    0.5700    0.5700
    1.0550    0.5768    0.5768
    1.0600    0.6000    0.6000
    1.0650    0.6203    0.6203
    1.0700    0.6326    0.6326
    1.0750    0.6403    0.6403
    1.0800    0.6707    0.6707
    1.0850    0.6839    0.6839
    1.0900    0.6912    0.6912
    1.0950    0.7076    0.7076
    1.1000    0.7278    0.7278
    1.1050    0.7393    0.7393
    1.1100    0.7485    0.7485
    1.1150    0.7516    0.7516
    1.1200    0.7447    0.7447
    1.1250   -1.0000   -1.0000
    1.1300   -1.0000   -1.0000
    1.1350   -1.0000   -1.0000
    1.1400   -1.0000   -1.0000
    1.1450   -1.0000   -1.0000
    1.1500   -1.0000   -1.0000
    1.1550   -1.0000   -1.0000
    1.1600   -1.0000   -1.0000
    1.1650   -1.0000   -1.0000
    1.1700   -1.0000   -1.0000
    1.1750   -1.0000   -1.0000
    1.1800   -1.0000   -1.0000
    1.1850    0.8812    0.8812
    1.1900    0.8829    0.8829
    1.1950    0.8913    0.8913
    1.2000    0.9045    0.9045
    1.2050    0.9021    0.9021
    1.2100    0.9076    0.9076
    1.2150    0.9176    0.9176
    1.2200    0.9263    0.9263
    1.2250    0.9308    0.9308
    1.2300    0.9443    0.9443
    1.2350    0.9517    0.9517
    1.2400    0.9664    0.9664
    1.2450    0.9726    0.9726
    1.2500    0.9785    0.9785
    1.2550    0.9804    0.9804
    1.2600    0.9847    0.9847
    1.2650    0.9717    0.9717
    1.2700    0.9597    0.9597
    1.2750    0.9718    0.9718
    1.2800    0.9802    0.9802
    1.2850    0.9897    0.9897
    1.2900    1.0032    1.0032
    1.2950    1.0099    1.0099
    1.3000    1.0000    1.0000
    1.3050    0.9871    0.9871
    1.3100    0.9829    0.9829
    1.3150    0.9845    0.9845
    1.3200    0.9912    0.9912
    1.3250    0.9646    0.9646
    1.3300    0.9514    0.9514
    1.3350    0.9362    0.9362
    1.3400    0.9501    0.9501
    1.3450    0.9878    0.9878
    1.3500   -1.0000   -1.0000
    1.3550   -1.0000   -1.0000
    1.3600   -1.0000   -1.0000
    1.3650   -1.0000   -1.0000
    1.3700   -1.0000   -1.0000
    1.3750   -1.0000   -1.0000
    1.3800   -1.0000   -1.0000
    1.3850   -1.0000   -1.0000
    1.3900   -1.0000   -1.0000
    1.3950   -1.0000   -1.0000
    1.4000   -1.0000   -1.0000
    1.4050   -1.0000   -1.0000
    1.4100   -1.0000   -1.0000
    1.4150   -1.0000   -1.0000
    1.4200   -1.0000   -1.0000
    1.4250   -1.0000   -1.0000
    1.4300   -1.0000   -1.0000
    1.4350   -1.0000   -1.0000
    1.4400   -1.0000   -1.0000
    1.4450   -1.0000   -1.0000
    1.4500   -1.0000   -1.0000
    1.4550   -1.0000   -1.0000
    1.4600   -1.0000   -1.0000
    1.4650   -1.0000   -1.0000
    1.4700   -1.0000   -1.0000
    1.4750   -1.0000   -1.0000
    1.4800   -1.0000   -1.0000
    1.4850   -1.0000   -1.0000
    1.4900   -1.0000   -1.0000
    1.4950    0.8233    0.8233
    1.5000    0.8386    0.8386
    1.5050    0.8582    0.8582
    1.5100    0.8341    0.8341
    1.5150    0.8239    0.8239
    1.5200    0.8359    0.8359
    1.5250    0.8245    0.8245
    1.5300    0.8315    0.8315
    1.5350    0.8130    0.8130
    1.5400    0.8161    0.8161
    1.5450    0.8186    0.8186
    1.5500    0.8330    0.8330
    1.5550    0.8277    0.8277
    1.5600    0.8165    0.8165
    1.5650    0.7998    0.7998
    1.5700    0.7850    0.7850
    1.5750    0.7379    0.7379
    1.5800    0.7421    0.7421
    1.5850    0.7387    0.7387
    1.5900    0.7563    0.7563
    1.5950    0.6968    0.6968
    1.6000    0.7233    0.7233
    1.6050    0.7312    0.7312
    1.6100    0.7196    0.7196
    1.6150    0.7054    0.7054
    1.6200    0.7060    0.7060
    1.6250    0.6853    0.6853
    1.6300    0.6844    0.6844
    1.6350    0.6739    0.6739
    1.6400    0.6568    0.6568
    1.6450    0.6581    0.6581
    1.6500    0.6669    0.6669
    1.6550    0.6808    0.6808
    1.6600    0.6469    0.6469
    1.6650    0.6747    0.6747
    1.6700    0.6207    0.6207
    1.6750    0.6392    0.6392
    1.6800    0.6171    0.6171
    1.6850    0.6177    0.6177
    1.6900    0.6156    0.6156
    1.6950    0.5798    0.5798
    1.7000    0.6027    0.6027
    1.7050    0.5875    0.5875
    1.7100    0.5839    0.5839
    1.7150    0.5905    0.5905
    1.7200    0.5732    0.5732
    1.7250    0.5597    0.5597
    1.7300    0.5384    0.5384
    1.7350    0.5490    0.5490
    1.7400    0.5478    0.5478
    1.7450    0.5375    0.5375
    1.7500    0.5272    0.5272
    1.7550    0.5542    0.5542
    1.7600    0.5410    0.5410
    1.7650    0.5191    0.5191
    1.7700    0.5192    0.5192
    1.7750    0.4819    0.4819
    1.7800    0.5200    0.5200
    1.7850    0.4914    0.4914
    1.7900    0.4740    0.4740
    1.7950   -1.0000   -1.0000
    1.8000   -1.0000   -1.0000
    1.8050   -1.0000   -1.0000
    1.8100   -1.0000   -1.0000
    1.8150   -1.0000   -1.0000
    1.8200   -1.0000   -1.0000
    1.8250   -1.0000   -1.0000
    1.8300   -1.0000   -1.0000
    1.8350   -1.0000   -1.0000
    1.8400   -1.0000   -1.0000
    1.8450   -1.0000   -1.0000
    1.8500   -1.0000   -1.0000
    1.8550   -1.0000   -1.0000
    1.8600   -1.0000   -1.0000
    1.8650   -1.0000   -1.0000
    1.8700   -1.0000   -1.0000
    1.8750   -1.0000   -1.0000
    1.8800   -1.0000   -1.0000
    1.8850   -1.0000   -1.0000
    1.8900   -1.0000   -1.0000
    1.8950   -1.0000   -1.0000
    1.9000   -1.0000   -1.0000
    1.9050   -1.0000   -1.0000
    1.9100   -1.0000   -1.0000
    1.9150   -1.0000   -1.0000
    1.9200   -1.0000   -1.0000
    1.9250   -1.0000   -1.0000
    1.9300   -1.0000   -1.0000
    1.9350   -1.0000   -1.0000
    1.9400   -1.0000   -1.0000
    1.9450   -1.0000   -1.0000
    1.9500   -1.0000   -1.0000
    1.9550   -1.0000   -1.0000
    1.9600   -1.0000   -1.0000
    1.9650   -1.0000   -1.0000
    1.9700   -1.0000   -1.0000
    1.9750   -1.0000   -1.0000
    1.9800   -1.0000   -1.0000
    1.9850   -1.0000   -1.0000
    1.9900    0.4412    0.4412
    1.9950    0.4340    0.4340
    2.0000    0.4102    0.4102
    2.0050    0.4287    0.4287
    2.0100   -1.0000   -1.0000
    2.0150   -1.0000   -1.0000
    2.0200   -1.0000   -1.0000
    2.0250   -1.0000   -1.0000
    2.0300   -1.0000   -1.0000
    2.0350   -1.0000   -1.0000
    2.0400    0.4439    0.4439
    2.0450    0.4436    0.4436
    2.0500    0.4491    0.4491
    2.0550    0.4542    0.4542
    2.0600    0.4465    0.4465
    2.0650    0.4657    0.4657
    2.0700    0.4444    0.4444
    2.0750    0.4445    0.4445
    2.0800    0.4599    0.4599
    2.0850    0.4680    0.4680
    2.0900    0.4781    0.4781
    2.0950    0.4609    0.4609
    2.1000    0.4795    0.4795
    2.1050    0.4743    0.4743
    2.1100    0.4950    0.4950
    2.1150    0.4684    0.4684
    2.1200    0.5154    0.5154
    2.1250    0.4813    0.4813
    2.1300    0.4926    0.4926
    2.1350    0.4761    0.4761
    2.1400    0.5275    0.5275
    2.1450    0.5104    0.5104
    2.1500    0.5112    0.5112
    2.1550    0.5396    0.5396
    2.1600    0.5114    0.5114
    2.1650    0.5101    0.5101
    2.1700    0.5375    0.5375
    2.1750    0.5430    0.5430
    2.1800    0.5266    0.5266
    2.1850    0.5262    0.5262
    2.1900    0.5324    0.5324
    2.1950    0.5531    0.5531
    2.2000    0.5445    0.5445
    2.2050    0.5197    0.5197
    2.2100    0.5157    0.5157
    2.2150    0.5843    0.5843
    2.2200    0.5810    0.5810
    2.2250    0.5724    0.5724
    2.2300    0.5881    0.5881
    2.2350    0.5490    0.5490
    2.2400    0.6024    0.6024
    2.2450    0.5944    0.5944
    2.2500    0.6259    0.6259
    2.2550    0.5949    0.5949
    2.2600    0.6020    0.6020
    2.2650    0.6151    0.6151
    2.2700    0.5971    0.5971
    2.2750    0.5913    0.5913
    2.2800    0.6305    0.6305
    2.2850    0.6114    0.6114
    2.2900    0.6441    0.6441
    2.2950    0.6448    0.6448
    2.3000    0.6344    0.6344
    2.3050    0.6490    0.6490
    2.3100    0.6167    0.6167
    2.3150    0.6546    0.6546
    2.3200    0.6505    0.6506
    2.3250    0.6204    0.6204
    2.3300    0.6557    0.6557
    2.3350    0.6809    0.6809
    2.3400    0.6112    0.6112
    2.3450    0.5900    0.5900
    2.3500    0.6437    0.6437
    2.3550    0.6280    0.6280
    2.3600    0.6186    0.6186
    2.3650    0.6669    0.6669
    2.3700    0.6524    0.6524
    2.3750    0.6662    0.6662
    2.3800    0.6627    0.6627
    2.3850    0.6554    0.6554
    2.3900    0.6227    0.6227
    2.3950    0.8214    0.8214
    2.4000    0.6668    0.6669
    2.4050    0.6371    0.6371
    2.4100    0.6110    0.6110
    2.4150    0.4617    0.4617
    2.4200    0.6085    0.6085
    2.4250    0.5658    0.5658
    2.4300    0.7425    0.7425
    2.4350    0.6399    0.6399
    2.4400    0.5638    0.5638
    2.4450    0.7503    0.7503
    2.4500    0.6152    0.6152
    2.4550   -1.0000   -1.0000
    2.4600   -1.0000   -1.0000
    2.4650   -1.0000   -1.0000
    2.4700   -1.0000   -1.0000
    2.4750   -1.0000   -1.0000
    2.4800   -1.0000   -1.0000
    2.4850   -1.0000   -1.0000
    2.4900   -1.0000   -1.0000
