     0.6500    -1.0000    -1.0000         0
     0.6550    -1.0000    -1.0000         0
     0.6600    -1.0000    -1.0000         0
     0.6650    -1.0000    -1.0000         0
     0.6700    -1.0000    -1.0000         0
     0.6750    -1.0000    -1.0000         0
     0.6800    -1.0000    -1.0000         0
     0.6850    -1.0000    -1.0000         0
     0.6900    -1.0000    -1.0000         0
     0.6950    -1.0000    -1.0000         0
     0.7000    -1.0000    -1.0000         0
     0.7050    -1.0000    -1.0000         0
     0.7100    -1.0000    -1.0000         0
     0.7150    -1.0000    -1.0000         0
     0.7200    -1.0000    -1.0000         0
     0.7250    -1.0000    -1.0000         0
     0.7300    -1.0000    -1.0000         0
     0.7350    -1.0000    -1.0000         0
     0.7400    -1.0000    -1.0000         0
     0.7450    -1.0000    -1.0000         0
     0.7500    -1.0000    -1.0000         0
     0.7550    -1.0000    -1.0000         0
     0.7600    -1.0000    -1.0000         0
     0.7650    -1.0000    -1.0000         0
     0.7700    -1.0000    -1.0000         0
     0.7750    -1.0000    -1.0000         0
     0.7800     0.7828     0.0668         2
     0.7850     0.7874     0.0529         2
     0.7900     0.7778     0.0488         2
     0.7950     0.7479     0.0471         2
     0.8000     0.7779     0.0399         2
     0.8050     0.7146     0.0386         2
     0.8100     0.6707     0.0330         2
     0.8150     0.6246     0.0320         2
     0.8200     0.6599     0.0294         2
     0.8250     0.6545     0.0290         2
     0.8300     0.6080     0.0294         2
     0.8350     0.6123     0.0270         2
     0.8400     0.5959     0.0275         2
     0.8450     0.5681     0.0257         2
     0.8500     0.5304     0.0247         2
     0.8550     0.5467     0.0257         2
     0.8600     0.5443     0.0273         2
     0.8650     0.5245     0.0265         2
     0.8700     0.5050     0.0232         2
     0.8750     0.5080     0.0244         2
     0.8800     0.4702     0.0253         2
     0.8850     0.4627     0.0210         2
     0.8900     0.4626     0.0222         2
     0.8950     0.4774     0.0230         2
     0.9000     0.4721     0.0210         2
     0.9050     0.4602     0.0203         2
     0.9100     0.4465     0.0176         2
     0.9150     0.4333     0.0194         2
     0.9200     0.4369     0.0180         2
     0.9250     0.4492     0.0203         2
     0.9300     0.4526     0.0215         2
     0.9350     0.4538     0.0211         2
     0.9400     0.4487     0.0221         2
     0.9450     0.4573     0.0225         2
     0.9500     0.4545     0.0228         2
     0.9550     0.4628     0.0203         2
     0.9600     0.4719     0.0200         2
     0.9650     0.4747     0.0190         2
     0.9700     0.4964     0.0195         2
     0.9750     0.4828     0.0199         2
     0.9800     0.4739     0.0177         2
     0.9850     0.4703     0.0190         2
     0.9900     0.4658     0.0179         2
     0.9950     0.5014     0.0202         2
     1.0000     0.5402     0.0206         2
     1.0050     0.5196     0.0186         2
     1.0100     0.5122     0.0197         2
     1.0150     0.5383     0.0186         2
     1.0200     0.5700     0.0176         2
     1.0250     0.5911     0.0190         2
     1.0300     0.5808     0.0191         2
     1.0350     0.6053     0.0195         2
     1.0400     0.6344     0.0209         2
     1.0450     0.6631     0.0224         2
     1.0500     0.6684     0.0209         2
     1.0550     0.6676     0.0211         2
     1.0600     0.6943     0.0224         2
     1.0650     0.7083     0.0216         2
     1.0700     0.7287     0.0216         2
     1.0750     0.7388     0.0235         2
     1.0800     0.7608     0.0227         2
     1.0850     0.7806     0.0234         2
     1.0900     0.7994     0.0248         2
     1.0950     0.7898     0.0285         2
     1.1000     0.8098     0.0238         2
     1.1050     0.8253     0.0257         2
     1.1100     0.8622     0.0247         2
     1.1150     0.8699     0.0256         2
     1.1200     0.8777     0.0261         2
     1.1250     0.9019     0.0325         2
     1.1300     0.9064     0.0302         2
     1.1350     0.9024     0.0291         2
     1.1400     0.9132     0.0334         2
     1.1450     0.9385     0.0320         2
     1.1500     0.9408     0.0314         2
     1.1550     0.9271     0.0287         2
     1.1600     0.9526     0.0304         2
     1.1650     0.9549     0.0277         2
     1.1700     0.9774     0.0272         2
     1.1750     0.9858     0.0295         2
     1.1800     0.9776     0.0310         2
     1.1850     0.9557     0.0276         2
     1.1900    -1.0000    -1.0000         0
     1.1950     0.9694     0.0280         2
     1.2000     0.9838     0.0292         2
     1.2050     1.0070     0.0294         2
     1.2100     1.0034     0.0293         2
     1.2150     0.9958     0.0290         2
     1.2200     1.0249     0.0294         2
     1.2250     1.0131     0.0290         2
     1.2300     0.9976     0.0297         2
     1.2350     1.0336     0.0302         2
     1.2400     1.0262     0.0289         2
     1.2450     1.0197     0.0339         2
     1.2500     1.0065     0.0309         2
     1.2550     1.0232     0.0303         2
     1.2600     1.0356     0.0290         2
     1.2650     1.0583     0.0301         2
     1.2700     1.0280     0.0310         2
     1.2750     1.0519     0.0310         2
     1.2800     1.0180     0.0293         2
     1.2850     1.0961     0.0334         1
     1.2900     1.0429     0.0283         2
     1.2950     1.0468     0.0287         2
     1.3000     1.0159     0.0294         2
     1.3050     1.0108     0.0299         2
     1.3100     1.0248     0.0309         2
     1.3150     1.0552     0.0302         2
     1.3200     1.0394     0.0306         2
     1.3250     1.0487     0.0319         2
     1.3300     1.0324     0.0306         2
     1.3350     1.0298     0.0338         2
     1.3400     1.0762     0.0336         1
     1.3450    -1.0000    -1.0000         0
     1.3500    -1.0000    -1.0000         0
     1.3550     1.0258     0.0590         2
     1.3600     1.0343     0.0736         2
     1.3650     1.0507     0.0775         2
     1.3700     1.0218     0.0732         2
     1.3750     0.9929     0.0664         2
     1.3800     1.0181     0.0603         2
     1.3850    -1.0000    -1.0000         0
     1.3900    -1.0000    -1.0000         0
     1.3950     1.0189     0.0533         2
     1.4000     0.9729     0.0480         2
     1.4050     0.9951     0.0504         2
     1.4100     1.0345     0.0489         2
     1.4150     1.0313     0.0428         2
     1.4200     1.0276     0.0401         2
     1.4250     0.9961     0.0377         2
     1.4300     1.0308     0.0400         2
     1.4350     1.0107     0.0392         2
     1.4400     1.0011     0.0361         2
     1.4450     0.9947     0.0335         2
     1.4500     0.9768     0.0363         2
     1.4550     0.9428     0.0317         2
     1.4600     0.9575     0.0348         2
     1.4650     0.9656     0.0336         2
     1.4700     0.9831     0.0330         2
     1.4750     0.9287     0.0308         2
     1.4800     0.9054     0.0309         2
     1.4850     0.9269     0.0283         2
     1.4900     0.9297     0.0320         1
     1.4950     0.9308     0.0301         2
     1.5000    -1.0000    -1.0000         0
     1.5050     0.8814     0.0314         2
     1.5100     0.8542     0.0291         2
     1.5150     0.8844     0.0270         2
     1.5200     0.8938     0.0273         2
     1.5250     0.8574     0.0277         2
     1.5300     0.8586     0.0284         2
     1.5350     0.9193     0.0279         2
     1.5400     0.8540     0.0265         2
     1.5450     0.8383     0.0265         2
     1.5500     0.8419     0.0274         2
     1.5550     0.8098     0.0273         2
     1.5600     0.7977     0.0267         2
     1.5650     0.8055     0.0261         2
     1.5700     0.7904     0.0280         2
     1.5750     0.7535     0.0269         2
     1.5800     0.7434     0.0248         2
     1.5850     0.7103     0.0249         2
     1.5900     0.7232     0.0247         2
     1.5950     0.8072     0.0291         2
     1.6000     0.7225     0.0260         2
     1.6050     0.7164     0.0242         2
     1.6100     0.7102     0.0258         2
     1.6150     0.7206     0.0253         2
     1.6200     0.7095     0.0253         2
     1.6250     0.7239     0.0253         2
     1.6300     0.6986     0.0237         2
     1.6350     0.6858     0.0244         2
     1.6400     0.6730     0.0252         2
     1.6450     0.7077     0.0256         2
     1.6500     0.7347     0.0276         2
     1.6550     0.6893     0.0257         2
     1.6600     0.6663     0.0251         2
     1.6650     0.7278     0.0291         2
     1.6700     0.7203     0.0258         2
     1.6750     0.7083     0.0273         2
     1.6800     0.6822     0.0246         2
     1.6850     0.6445     0.0242         2
     1.6900     0.6093     0.0254         2
     1.6950     0.6109     0.0253         2
     1.7000     0.5906     0.0257         2
     1.7050     0.5825     0.0254         2
     1.7100     0.5811     0.0258         2
     1.7150     0.5855     0.0247         2
     1.7200     0.5953     0.0264         2
     1.7250     0.6581     0.0264         2
     1.7300     0.6742     0.0282         2
     1.7350     0.5975     0.0248         2
     1.7400     0.6015     0.0251         2
     1.7450     0.6108     0.0271         2
     1.7500     0.5493     0.0266         2
     1.7550     0.5642     0.0275         2
     1.7600     0.5614     0.0285         2
     1.7650     0.5479     0.0280         2
     1.7700     0.5672     0.0270         2
     1.7750     0.5686     0.0286         2
     1.7800     0.5200     0.0280         2
     1.7850     0.4938     0.0299         2
     1.7900     0.4669     0.0293         2
     1.7950     0.4551     0.0297         2
     1.8000     0.5106     0.0309         2
     1.8050     0.5954     0.0377         2
     1.8100     0.5735     0.0401         2
     1.8150     0.5584     0.0437         2
     1.8200     0.4621     0.0463         2
     1.8250     0.4924     0.0507         2
     1.8300     0.5540     0.0717         2
     1.8350     0.5740     0.0799         2
     1.8400     0.5980     0.0945         2
     1.8450    -1.0000    -1.0000         0
     1.8500    -1.0000    -1.0000         0
     1.8550     0.4395     0.0724         2
     1.8600     0.4397     0.0869         2
     1.8650    -1.0000    -1.0000         0
     1.8700     0.4020     0.1052         2
     1.8750     0.4568     0.0999         2
     1.8800     0.5387     0.0753         2
     1.8850     0.5883     0.0649         2
     1.8900     0.5238     0.0668         2
     1.8950     0.4380     0.0679         2
     1.9000     0.4468     0.0753         2
     1.9050     0.4772     0.0776         2
     1.9100     0.5519     0.0844         2
     1.9150     0.5108     0.0681         2
     1.9200     0.4372     0.0572         2
     1.9250     0.4396     0.0535         2
     1.9300     0.4054     0.0500         2
     1.9350     0.4323     0.0494         2
     1.9400     0.5628     0.0530         2
     1.9450     0.4954     0.0469         2
     1.9500     0.4269     0.0489         2
     1.9550     0.4266     0.0456         2
     1.9600     0.5091     0.0457         2
     1.9650     0.5431     0.0475         2
     1.9700     0.4721     0.0366         2
     1.9750     0.4942     0.0376         2
     1.9800     0.5202     0.0325         2
     1.9850     0.5727     0.0440         2
     1.9900     0.5107     0.0379         2
     1.9950     0.4921     0.0340         2
     2.0000     0.5250     0.0437         2
     2.0050     0.5520     0.0477         2
     2.0100     0.5611     0.0604         2
     2.0150     0.5608     0.0543         2
     2.0200     0.5744     0.0456         2
     2.0250     0.5204     0.0373         2
     2.0300     0.5458     0.0347         2
     2.0350     0.5325     0.0339         2
     2.0400     0.4769     0.0352         2
     2.0450     0.4651     0.0346         2
     2.0500     0.5104     0.0371         2
     2.0550     0.5254     0.0423         2
     2.0600     0.4811     0.0410         2
     2.0650     0.5109     0.0399         2
     2.0700     0.5318     0.0401         2
     2.0750     0.4869     0.0391         2
     2.0800     0.4759     0.0353         2
     2.0850     0.5113     0.0337         2
     2.0900     0.5619     0.0363         2
     2.0950     0.5392     0.0401         2
     2.1000     0.4680     0.0342         2
     2.1050     0.5186     0.0365         2
     2.1100     0.5085     0.0321         2
     2.1150     0.4732     0.0330         2
     2.1200     0.4907     0.0363         2
     2.1250     0.5164     0.0350         2
     2.1300     0.5221     0.0383         2
     2.1350     0.5843     0.0402         2
     2.1400     0.6174     0.0405         2
     2.1450     0.6150     0.0457         2
     2.1500     0.5591     0.0423         2
     2.1550     0.5692     0.0420         2
     2.1600     0.6326     0.0425         2
     2.1650     0.6695     0.0488         2
     2.1700     0.6294     0.0451         2
     2.1750     0.5603     0.0418         2
     2.1800     0.6280     0.0447         2
     2.1850     0.6209     0.0454         2
     2.1900     0.5655     0.0407         2
     2.1950     0.6831     0.0441         2
     2.2000    -1.0000    -1.0000         0
     2.2050     0.6713     0.0532         2
     2.2100     0.6368     0.0445         2
     2.2150     0.6773     0.0467         2
     2.2200     0.7061     0.0512         2
     2.2250     0.6841     0.0518         2
     2.2300     0.6786     0.0497         2
     2.2350     0.6780     0.0526         2
     2.2400     0.6901     0.0523         2
     2.2450     0.7131     0.0541         2
     2.2500     0.6783     0.0544         2
     2.2550     0.7052     0.0529         2
     2.2600     0.7148     0.0541         2
     2.2650     0.8001     0.0597         2
     2.2700     0.7583     0.0599         2
     2.2750     0.7054     0.0568         2
     2.2800     0.7258     0.0581         2
     2.2850     0.6819     0.0557         2
     2.2900     0.7290     0.0572         2
     2.2950     0.7226     0.0576         2
     2.3000     0.7197     0.0600         2
     2.3050    -1.0000    -1.0000         0
     2.3100    -1.0000    -1.0000         0
     2.3150     0.6821     0.0594         1
     2.3200     0.7648     0.0576         2
     2.3250     0.7044     0.0605         1
     2.3300    -1.0000    -1.0000         0
     2.3350     0.8267     0.0684         2
     2.3400     0.8039     0.0704         2
     2.3450     0.7744     0.0645         2
     2.3500     0.8102     0.0664         2
     2.3550     0.8404     0.0696         2
     2.3600     0.8350     0.0683         2
     2.3650     0.8265     0.0649         2
     2.3700    -1.0000    -1.0000         0
     2.3750    -1.0000    -1.0000         0
     2.3800     0.9068     0.0704         2
     2.3850     0.8602     0.0710         2
     2.3900     0.8813     0.0763         2
     2.3950     0.9395     0.0777         2
     2.4000     0.8698     0.0812         2
     2.4050    -1.0000    -1.0000         0
     2.4100     0.9343     0.0782         2
     2.4150     0.9414     0.0837         2
     2.4200     0.8377     0.0752         2
     2.4250     0.9407     0.0740         2
     2.4300     0.9552     0.0862         2
     2.4350     0.8036     0.0785         2
     2.4400     0.8484     0.0796         2
     2.4450     0.8739     0.0770         1
     2.4500    -1.0000    -1.0000         0
     2.4550    -1.0000    -1.0000         0
     2.4600    -1.0000    -1.0000         0
     2.4650    -1.0000    -1.0000         0
     2.4700    -1.0000    -1.0000         0
     2.4750    -1.0000    -1.0000         0
     2.4800    -1.0000    -1.0000         0
     2.4850    -1.0000    -1.0000         0
     2.4900    -1.0000    -1.0000         0
