    0.6500   -1.0000   -1.0000         4
    0.6550   -1.0000   -1.0000         4
    0.6600   -1.0000   -1.0000         4
    0.6650   -1.0000   -1.0000         4
    0.6700   -1.0000   -1.0000         4
    0.6750   -1.0000   -1.0000         4
    0.6800   -1.0000   -1.0000         4
    0.6850   -1.0000   -1.0000         4
    0.6900   -1.0000   -1.0000         4
    0.6950   -1.0000   -1.0000         4
    0.7000   -1.0000   -1.0000         4
    0.7050   -1.0000   -1.0000         4
    0.7100   -1.0000   -1.0000         4
    0.7150   -1.0000   -1.0000         4
    0.7200   -1.0000   -1.0000         4
    0.7250   -1.0000   -1.0000         4
    0.7300   -1.0000   -1.0000         4
    0.7350   -1.0000   -1.0000         4
    0.7400   -1.0000   -1.0000         4
    0.7450   -1.0000   -1.0000         4
    0.7500   -1.0000   -1.0000         4
    0.7550   -1.0000   -1.0000         4
    0.7600   -1.0000   -1.0000         4
    0.7650   -1.0000   -1.0000         4
    0.7700   -1.0000   -1.0000         4
    0.7750    0.9457    0.0777         4
    0.7800    0.9589    0.0659         4
    0.7850    0.9276    0.0550         4
    0.7900    0.9489    0.0541         4
    0.7950    0.9719    0.0481         4
    0.8000    0.9772    0.0454         4
    0.8050    0.9517    0.0409         4
    0.8100    0.9972    0.0387         4
    0.8150    0.9865    0.0367         4
    0.8200    0.9907    0.0346         4
    0.8250    0.9650    0.0350         4
    0.8300    1.0001    0.0358         4
    0.8350    0.9833    0.0379         4
    0.8400    0.9960    0.0370         4
    0.8450    0.9651    0.0338         4
    0.8500    0.9621    0.0354         4
    0.8550    0.9840    0.0353         4
    0.8600    0.9810    0.0360         4
    0.8650    0.9776    0.0367         4
    0.8700    0.9588    0.0364         4
    0.8750    0.9538    0.0378         4
    0.8800    0.9858    0.0389         4
    0.8850    0.9831    0.0367         4
    0.8900    0.9890    0.0340         4
    0.8950    0.9801    0.0342         4
    0.9000    0.9288    0.0319         4
    0.9050    0.9442    0.0312         4
    0.9100    0.9784    0.0313         4
    0.9150    0.9709    0.0310         4
    0.9200    0.9581    0.0329         4
    0.9250    0.9717    0.0335         4
    0.9300    1.0093    0.0318         4
    0.9350    1.0084    0.0365         4
    0.9400    0.9915    0.0335         4
    0.9450    0.9880    0.0322         4
    0.9500    0.9768    0.0311         4
    0.9550    0.9741    0.0318         4
    0.9600    0.9629    0.0297         4
    0.9650    0.9831    0.0291         4
    0.9700    0.9751    0.0293         4
    0.9750    0.9698    0.0285         4
    0.9800    0.9739    0.0269         4
    0.9850    0.9694    0.0281         4
    0.9900    0.9897    0.0276         4
    0.9950    1.0162    0.0282         4
    1.0000    1.0319    0.0282         4
    1.0050    0.9892    0.0266         4
    1.0100    1.0025    0.0281         4
    1.0150    0.9575    0.0281         4
    1.0200    0.9844    0.0275         4
    1.0250    1.0555    0.0262         1
    1.0300    1.0400    0.0282         4
    1.0350    0.9933    0.0281         4
    1.0400    0.9636    0.0258         4
    1.0450    1.0115    0.0271         4
    1.0500    1.0255    0.0283         4
    1.0550    0.9906    0.0265         4
    1.0600    1.0017    0.0275         4
    1.0650    0.9822    0.0272         4
    1.0700    0.9908    0.0270         4
    1.0750    0.9888    0.0281         4
    1.0800    0.9931    0.0277         4
    1.0850    1.0290    0.0262         4
    1.0900    0.9710    0.0281         4
    1.0950    1.0015    0.0270         4
    1.1000    1.0299    0.0278         4
    1.1050    1.0293    0.0277         4
    1.1100    1.0162    0.0289         4
    1.1150    1.0435    0.0286         4
    1.1200    1.0531    0.0307         4
    1.1250    1.0343    0.0326         4
    1.1300    1.0233    0.0331         4
    1.1350    1.0490    0.0303         4
    1.1400    1.0717    0.0334         4
    1.1450    1.0476    0.0305         4
    1.1500    1.0544    0.0319         4
    1.1550    1.0771    0.0301         4
    1.1600    1.0874    0.0307         4
    1.1650    1.0558    0.0289         4
    1.1700    1.0464    0.0304         4
    1.1750    1.0664    0.0295         4
    1.1800    1.0726    0.0299         4
    1.1850    1.0870    0.0315         4
    1.1900    1.1093    0.0327         4
    1.1950    1.1337    0.0336         4
    1.2000    1.1106    0.0330         4
    1.2050    1.0994    0.0340         4
    1.2100    1.0653    0.0320         4
    1.2150    1.1210    0.0333         4
    1.2200    1.1242    0.0385         1
    1.2250    1.0904    0.0311         4
    1.2300    1.0981    0.0305         4
    1.2350    1.0701    0.0302         4
    1.2400    1.0480    0.0281         1
    1.2450    1.1120    0.0300         4
    1.2500    1.0935    0.0300         4
    1.2550    1.0917    0.0325         4
    1.2600    1.0929    0.0328         4
    1.2650    1.1231    0.0351         4
    1.2700    1.1075    0.0331         4
    1.2750    1.0951    0.0304         4
    1.2800    1.1508    0.0317         4
    1.2850    1.1215    0.0298         4
    1.2900    1.1157    0.0311         4
    1.2950   -1.0000   -1.0000         0
    1.3000    1.1043    0.0295         4
    1.3050    1.1543    0.0294         4
    1.3100    1.1600    0.0318         4
    1.3150    1.1148    0.0335         4
    1.3200    1.1089    0.0354         3
    1.3250    1.1424    0.0328         4
    1.3300    1.1679    0.0363         4
    1.3350    1.1715    0.0372         4
    1.3400    1.1412    0.0411         4
    1.3450    1.1613    0.0455         2
    1.3500    1.1026    0.0445         1
    1.3550    1.0442    0.0630         1
    1.3600    1.1933    0.0651         2
    1.3650   -1.0000   -1.0000         0
    1.3700    1.1555    0.0781         4
    1.3750    1.1267    0.0716         3
    1.3800    1.1154    0.0647         4
    1.3850    1.1832    0.0624         4
    1.3900    1.2074    0.0599         4
    1.3950    1.1014    0.0560         3
    1.4000    1.0904    0.0517         3
    1.4050    1.2157    0.0520         4
    1.4100    1.2672    0.0549         2
    1.4150    1.1864    0.0439         4
    1.4200    1.1483    0.0484         4
    1.4250    1.1363    0.0434         4
    1.4300    1.1589    0.0466         4
    1.4350    1.1928    0.0401         4
    1.4400    1.2433    0.0402         4
    1.4450    1.2606    0.0410         3
    1.4500   -1.0000   -1.0000         0
    1.4550   -1.0000   -1.0000         0
    1.4600    1.1354    0.0356         4
    1.4650   -1.0000   -1.0000         0
    1.4700    1.1674    0.0342         4
    1.4750    1.2293    0.0396         4
    1.4800    1.1165    0.0375         4
    1.4850    1.1576    0.0324         4
    1.4900    1.1955    0.0351         4
    1.4950    1.1739    0.0329         4
    1.5000    1.1878    0.0351         4
    1.5050    1.1639    0.0346         4
    1.5100    1.1377    0.0355         4
    1.5150    1.1541    0.0353         4
    1.5200    1.1292    0.0355         4
    1.5250    1.1197    0.0329         4
    1.5300    1.2202    0.0350         4
    1.5350    1.2321    0.0355         4
    1.5400    1.1925    0.0343         4
    1.5450    1.2104    0.0355         4
    1.5500    1.2461    0.0349         4
    1.5550    1.1714    0.0347         4
    1.5600    1.1088    0.0334         4
    1.5650    1.1810    0.0369         4
    1.5700    1.1423    0.0349         4
    1.5750    1.0825    0.0348         4
    1.5800    1.1283    0.0363         4
    1.5850    1.1372    0.0323         4
    1.5900    1.2425    0.0379         4
    1.5950    1.1648    0.0355         4
    1.6000    1.1758    0.0324         4
    1.6050    1.1793    0.0365         4
    1.6100    1.0749    0.0343         4
    1.6150    1.0988    0.0351         4
    1.6200    1.1827    0.0342         4
    1.6250    1.2244    0.0352         4
    1.6300    1.2304    0.0379         4
    1.6350    1.1456    0.0350         4
    1.6400    1.1702    0.0358         4
    1.6450    1.2105    0.0400         4
    1.6500    1.1815    0.0362         4
    1.6550    1.1572    0.0370         4
    1.6600    1.0884    0.0338         4
    1.6650    1.1423    0.0367         4
    1.6700    1.1571    0.0354         4
    1.6750    1.1298    0.0361         4
    1.6800    1.0809    0.0376         4
    1.6850    1.0738    0.0352         4
    1.6900    1.1388    0.0397         4
    1.6950    1.1288    0.0392         4
    1.7000    1.0698    0.0383         4
    1.7050    1.0135    0.0357         4
    1.7100    1.0247    0.0363         4
    1.7150    1.0451    0.0386         4
    1.7200    1.0326    0.0361         4
    1.7250    1.1231    0.0441         4
    1.7300    1.1884    0.0419         4
    1.7350    1.2100    0.0431         4
    1.7400    1.1320    0.0400         4
    1.7450    1.0997    0.0392         4
    1.7500    1.0834    0.0405         4
    1.7550    1.0783    0.0403         4
    1.7600    1.1007    0.0374         4
    1.7650    1.1546    0.0413         4
    1.7700    1.1698    0.0403         4
    1.7750    1.2376    0.0473         4
    1.7800    1.1388    0.0433         4
    1.7850    1.0842    0.0419         4
    1.7900    1.1547    0.0463         4
    1.7950    1.1713    0.0437         4
    1.8000    1.1187    0.0501         4
    1.8050    1.0037    0.0507         4
    1.8100    1.0842    0.0605         4
    1.8150    1.1955    0.0576         4
    1.8200    1.2884    0.0691         4
    1.8250    1.0023    0.0727         2
    1.8300    1.1079    0.0614         2
    1.8350    1.0110    0.0788         2
    1.8400   -1.0000   -1.0000         0
    1.8450    1.1557    0.1095         2
    1.8500    1.0175    0.0928         2
    1.8550   -1.0000   -1.0000         0
    1.8600    1.1087    0.1056         2
    1.8650    1.2072    0.1382         2
    1.8700    1.1182    0.1625         2
    1.8750    1.1916    0.1228         2
    1.8800    1.2789    0.1102         2
    1.8850    1.0375    0.0820         4
    1.8900    1.0864    0.0847         4
    1.8950    1.1876    0.0984         4
    1.9000    1.2336    0.1093         4
    1.9050    1.2864    0.1271         4
    1.9100    1.2176    0.1096         4
    1.9150    1.0795    0.0905         4
    1.9200    1.0797    0.0859         2
    1.9250    1.1163    0.1026         2
    1.9300    1.0434    0.0711         4
    1.9350    1.1347    0.0713         4
    1.9400    1.1704    0.0720         4
    1.9450    1.1957    0.0706         4
    1.9500    1.2412    0.0846         4
    1.9550    1.2211    0.0807         4
    1.9600    1.1306    0.0703         4
    1.9650    1.1458    0.0712         2
    1.9700    1.1181    0.0680         4
    1.9750    1.1361    0.0604         4
    1.9800    1.1160    0.0570         2
    1.9850    1.2703    0.0600         4
    1.9900    1.1743    0.0557         4
    1.9950    1.1832    0.0606         4
    2.0000    1.1519    0.0642         4
    2.0050    1.1114    0.0790         4
    2.0100    1.0340    0.0732         4
    2.0150    1.0403    0.0708         4
    2.0200    1.0341    0.0655         4
    2.0250    1.1092    0.0608         2
    2.0300    1.0916    0.0524         4
    2.0350    1.2336    0.0599         4
    2.0400    1.1522    0.0528         4
    2.0450    1.0868    0.0559         4
    2.0500    0.9961    0.0523         4
    2.0550    1.0474    0.0563         4
    2.0600    1.1320    0.0609         4
    2.0650    1.0833    0.0562         4
    2.0700    1.0146    0.0587         4
    2.0750    1.0627    0.0537         4
    2.0800    1.1444    0.0554         4
    2.0850    1.1051    0.0528         4
    2.0900    1.1162    0.0551         4
    2.0950    1.0802    0.0494         4
    2.1000    1.0373    0.0494         4
    2.1050    0.9960    0.0495         4
    2.1100    1.0629    0.0534         4
    2.1150    1.1580    0.0537         4
    2.1200    1.1844    0.0580         4
    2.1250    1.0627    0.0570         4
    2.1300    1.0134    0.0525         4
    2.1350    1.0473    0.0533         4
    2.1400    1.0523    0.0568         4
    2.1450    0.9342    0.0427         2
    2.1500    0.9483    0.0525         4
    2.1550    1.0425    0.0564         4
    2.1600    1.0574    0.0552         4
    2.1650    1.1252    0.0637         4
    2.1700    1.1239    0.0616         4
    2.1750    1.0372    0.0561         4
    2.1800    1.1313    0.0632         4
    2.1850    1.2102    0.0632         4
    2.1900    1.1725    0.0605         4
    2.1950    1.0127    0.0605         4
    2.2000    0.9940    0.0579         4
    2.2050    1.1734    0.0675         4
    2.2100    1.1767    0.0598         4
    2.2150    1.1989    0.0625         4
    2.2200    1.2571    0.0698         4
    2.2250    1.3239    0.0796         2
    2.2300    1.1709    0.0783         2
    2.2350    1.0673    0.0633         4
    2.2400    1.0394    0.0661         4
    2.2450    1.0781    0.0683         4
    2.2500    1.2021    0.0748         4
    2.2550    1.1482    0.0879         2
    2.2600    1.0734    0.0668         4
    2.2650    1.1616    0.0834         4
    2.2700    1.0677    0.0653         4
    2.2750    0.9687    0.0679         4
    2.2800    1.0464    0.0680         4
    2.2850    1.0320    0.0712         4
    2.2900    1.0652    0.0735         4
    2.2950    1.0917    0.0715         4
    2.3000    1.0972    0.0839         4
    2.3050    1.1193    0.0816         4
    2.3100    1.1655    0.0749         4
    2.3150    1.2634    0.0879         4
    2.3200    1.1152    0.0746         4
    2.3250    0.9910    0.0732         4
    2.3300    1.0216    0.0657         4
    2.3350    1.1817    0.0853         4
    2.3400    1.1763    0.0754         4
    2.3450    1.1980    0.0927         4
    2.3500    1.0553    0.0691         3
    2.3550    1.0339    0.0827         3
    2.3600    1.2068    0.0873         4
    2.3650    1.2118    0.0822         4
    2.3700    1.0284    0.0642         2
    2.3750    0.8910    0.0616         1
    2.3800    1.0599    0.0890         4
    2.3850    1.1157    0.0809         4
    2.3900    1.1978    0.0915         3
    2.3950    1.1879    0.0846         4
    2.4000    1.1116    0.0768         4
    2.4050    1.2662    0.1061         4
    2.4100    1.0783    0.0669         3
    2.4150    0.9448    0.0786         3
    2.4200    0.9929    0.0917         4
    2.4250    1.0624    0.0852         4
    2.4300    1.1332    0.0880         4
    2.4350    1.1566    0.0941         4
    2.4400    1.1148    0.0766         2
    2.4450   -1.0000   -1.0000         0
    2.4500    1.1217    0.1008         2
    2.4550    1.0130    0.0791         2
    2.4600   -1.0000   -1.0000         0
    2.4650   -1.0000   -1.0000         0
    2.4700    1.0401    0.1221         1
    2.4750    0.9804    0.0720         2
    2.4800   -1.0000   -1.0000         0
    2.4850    0.8174    0.1197         2
    2.4900    0.8585    0.1262         2
