    0.6500   -1.0000   -1.0000         2
    0.6550   -1.0000   -1.0000         2
    0.6600   -1.0000   -1.0000         2
    0.6650   -1.0000   -1.0000         2
    0.6700   -1.0000   -1.0000         2
    0.6750   -1.0000   -1.0000         2
    0.6800   -1.0000   -1.0000         2
    0.6850   -1.0000   -1.0000         2
    0.6900   -1.0000   -1.0000         2
    0.6950   -1.0000   -1.0000         2
    0.7000   -1.0000   -1.0000         2
    0.7050   -1.0000   -1.0000         2
    0.7100   -1.0000   -1.0000         2
    0.7150   -1.0000   -1.0000         2
    0.7200   -1.0000   -1.0000         2
    0.7250   -1.0000   -1.0000         2
    0.7300   -1.0000   -1.0000         2
    0.7350   -1.0000   -1.0000         2
    0.7400   -1.0000   -1.0000         2
    0.7450   -1.0000   -1.0000         2
    0.7500   -1.0000   -1.0000         2
    0.7550   -1.0000   -1.0000         2
    0.7600   -1.0000   -1.0000         2
    0.7650   -1.0000   -1.0000         2
    0.7700   -1.0000   -1.0000         2
    0.7750   -1.0000   -1.0000         2
    0.7800   -1.0000   -1.0000         2
    0.7850   -1.0000   -1.0000         2
    0.7900    0.9001    0.1472         2
    0.7950    1.0771    0.1520         2
    0.8000    1.0627    0.1365         2
    0.8050    1.0031    0.1193         2
    0.8100    1.0248    0.1116         2
    0.8150    0.9446    0.0922         2
    0.8200    1.0727    0.0911         2
    0.8250    0.9352    0.0755         2
    0.8300    0.9203    0.0752         2
    0.8350    0.9328    0.0738         2
    0.8400    0.9935    0.0821         2
    0.8450    1.0293    0.0789         2
    0.8500    1.0202    0.0794         2
    0.8550    0.9619    0.0705         2
    0.8600    0.8552    0.0669         2
    0.8650    0.8409    0.0716         2
    0.8700    0.9419    0.0830         2
    0.8750    0.9718    0.0769         2
    0.8800    0.9261    0.0776         2
    0.8850    1.0684    0.0874         2
    0.8900    1.0184    0.0662         2
    0.8950    0.9469    0.0698         2
    0.9000    1.0012    0.0647         2
    0.9050    1.0040    0.0640         2
    0.9100    0.9898    0.0588         2
    0.9150    0.9409    0.0561         2
    0.9200    0.9085    0.0542         2
    0.9250    0.9297    0.0573         2
    0.9300    0.9432    0.0552         2
    0.9350    0.9140    0.0546         2
    0.9400    0.9066    0.0560         2
    0.9450    0.9759    0.0614         2
    0.9500    0.9882    0.0571         2
    0.9550    0.9207    0.0532         2
    0.9600    0.8591    0.0486         2
    0.9650    0.9685    0.0581         2
    0.9700    0.9681    0.0477         2
    0.9750    0.9603    0.0545         2
    0.9800    1.0061    0.0496         2
    0.9850    0.9475    0.0489         2
    0.9900    1.0146    0.0538         2
    0.9950    1.0610    0.0515         2
    1.0000    0.9519    0.0447         2
    1.0050    0.9858    0.0516         2
    1.0100    1.0064    0.0462         2
    1.0150    1.0211    0.0520         2
    1.0200    1.1337    0.0532         2
    1.0250    1.0412    0.0448         2
    1.0300    0.9296    0.0443         2
    1.0350    1.0513    0.0528         2
    1.0400    1.1356    0.0508         2
    1.0450    1.0153    0.0448         2
    1.0500    0.9384    0.0447         2
    1.0550    0.9398    0.0449         2
    1.0600    0.9342    0.0448         2
    1.0650    0.9487    0.0468         2
    1.0700    1.0206    0.0506         2
    1.0750    0.9923    0.0453         2
    1.0800    0.9313    0.0453         2
    1.0850    0.9131    0.0439         2
    1.0900    0.9882    0.0508         2
    1.0950    1.0383    0.0483         2
    1.1000    1.0057    0.0488         2
    1.1050    0.9536    0.0451         2
    1.1100    1.0442    0.0545         2
    1.1150    1.0443    0.0454         2
    1.1200    0.9466    0.0453         2
    1.1250    0.9673    0.0529         2
    1.1300    1.0609    0.0580         2
    1.1350    1.0971    0.0605         2
    1.1400    1.0432    0.0549         2
    1.1450    0.9456    0.0517         2
    1.1500    0.9131    0.0520         2
    1.1550    0.9226    0.0521         2
    1.1600    0.9219    0.0499         2
    1.1650    0.9180    0.0514         2
    1.1700    1.0048    0.0562         2
    1.1750    0.9950    0.0459         2
    1.1800    0.9308    0.0483         2
    1.1850    0.9129    0.0442         2
    1.1900    0.9105    0.0481         2
    1.1950    0.9734    0.0506         2
    1.2000    1.0117    0.0502         2
    1.2050    0.9501    0.0450         2
    1.2100    0.9290    0.0508         2
    1.2150    1.0529    0.0582         2
    1.2200    1.0766    0.0509         2
    1.2250    0.9798    0.0494         2
    1.2300    0.9353    0.0487         2
    1.2350    1.0231    0.0584         2
    1.2400    1.0553    0.0502         2
    1.2450    0.9509    0.0483         2
    1.2500    0.9443    0.0527         2
    1.2550    1.0279    0.0557         2
    1.2600    0.9697    0.0457         2
    1.2650    0.9297    0.0548         2
    1.2700    0.9866    0.0537         2
    1.2750    0.9842    0.0546         2
    1.2800    1.0038    0.0569         2
    1.2850    1.0221    0.0549         2
    1.2900    1.0025    0.0523         2
    1.2950    1.0012    0.0534         2
    1.3000    1.0090    0.0521         2
    1.3050    0.9837    0.0495         2
    1.3100    0.9911    0.0538         2
    1.3150    1.0487    0.0559         2
    1.3200    1.0571    0.0537         2
    1.3250    0.9540    0.0458         2
    1.3300    0.9342    0.0547         2
    1.3350    0.9686    0.0494         2
    1.3400    0.9249    0.0497         2
    1.3450    0.9138    0.0502         2
    1.3500    0.9351    0.0545         2
    1.3550    1.0170    0.0576         2
    1.3600    1.0252    0.0651         2
    1.3650    0.9509    0.0692         2
    1.3700    0.9122    0.0924         2
    1.3750    0.8845    0.0802         2
    1.3800    0.8470    0.0912         2
    1.3850    0.9400    0.0911         2
    1.3900    0.9514    0.0695         2
    1.3950    0.8880    0.0799         1
    1.4000    0.8841    0.0720         1
    1.4050    0.8615    0.0981         1
    1.4100    0.9542    0.0637         2
    1.4150    0.9100    0.0820         2
    1.4200    0.9645    0.0658         2
    1.4250    0.9918    0.0732         2
    1.4300    0.9865    0.0594         2
    1.4350    0.9091    0.0593         2
    1.4400    0.9037    0.0626         2
    1.4450    0.8960    0.0545         2
    1.4500    0.8290    0.0547         2
    1.4550    0.9070    0.0672         2
    1.4600    0.9859    0.0642         1
    1.4650    0.9257    0.0481         1
    1.4700    0.8876    0.0463         2
    1.4750    0.7674    0.0414         2
    1.4800    0.7012    0.0435         1
    1.4850    0.9329    0.0570         1
    1.4900    0.9352    0.0472         2
    1.4950    0.8405    0.0491         2
    1.5000    0.7777    0.0451         2
    1.5050    0.7660    0.0467         2
    1.5100    0.8077    0.0534         2
    1.5150    0.9063    0.0581         2
    1.5200    0.9452    0.0538         2
    1.5250    0.9423    0.0535         2
    1.5300    0.8871    0.0433         2
    1.5350    0.8150    0.0595         2
    1.5400    0.9174    0.0581         2
    1.5450    1.0015    0.0477         2
    1.5500    0.8606    0.0425         2
    1.5550    0.7780    0.0617         2
    1.5600    0.9497    0.0558         2
    1.5650    1.0275    0.0567         2
    1.5700    0.9551    0.0485         2
    1.5750    0.8633    0.0433         2
    1.5800    0.7631    0.0546         2
    1.5850    0.8528    0.0629         2
    1.5900    0.9518    0.0424         2
    1.5950    0.8152    0.0501         2
    1.6000    0.7753    0.0562         2
    1.6050    0.9026    0.0593         2
    1.6100    0.9477    0.0514         2
    1.6150    0.8933    0.0604         2
    1.6200    0.9134    0.0572         2
    1.6250    0.9340    0.0511         2
    1.6300    0.8650    0.0539         2
    1.6350    0.8628    0.0526         2
    1.6400    0.8899    0.0621         2
    1.6450    0.9431    0.0561         2
    1.6500    0.9567    0.0689         2
    1.6550    0.9789    0.0506         2
    1.6600    0.8775    0.0450         2
    1.6650    0.7247    0.0562         2
    1.6700    0.8237    0.0657         2
    1.6750    0.9726    0.0634         2
    1.6800    0.9944    0.0726         2
    1.6850    1.0408    0.0766         2
    1.6900    1.1232    0.0731         2
    1.6950    1.0703    0.0544         2
    1.7000    0.8812    0.0569         2
    1.7050    0.8116    0.0611         2
    1.7100    0.8780    0.0647         2
    1.7150    0.9040    0.0546         2
    1.7200    0.8538    0.0676         2
    1.7250    0.9019    0.0619         2
    1.7300    0.8605    0.0537         2
    1.7350    0.7630    0.0697         2
    1.7400    0.9063    0.0720         2
    1.7450    1.0102    0.0732         2
    1.7500    0.9343    0.0486         2
    1.7550    0.7907    0.0440         2
    1.7600    0.5473    0.0835         2
    1.7650    0.8741    0.0515         2
    1.7700    0.9128    0.0602         2
    1.7750    0.7011    0.0654         2
    1.7800    0.8348    0.0586         2
    1.7850    0.8017    0.0582         2
    1.7900    0.7158    0.0855         2
    1.7950    0.9187    0.0839         2
    1.8000   -1.0000   -1.0000         0
    1.8050    0.9301    0.0657         2
    1.8100    0.7541    0.0840         2
    1.8150    0.8813    0.0612         2
    1.8200    0.7912    0.0530         2
    1.8250    0.5311    0.0729         2
    1.8300    0.5913    0.0811         2
    1.8350    0.7238    0.0719         2
    1.8400    0.6295    0.1072         2
    1.8450    0.6535    0.1284         2
    1.8500    0.7284    0.1855         2
    1.8550    0.7502    0.1999         2
    1.8600    0.8978    0.1769         2
    1.8650    0.9149    0.1497         1
    1.8700   -1.0000   -1.0000         0
    1.8750    0.8089    0.1954         2
    1.8800    0.7827    0.1319         2
    1.8850    0.6760    0.1730         2
    1.8900    0.5507    0.1452         2
    1.8950    0.7599    0.1013         2
    1.9000    0.7838    0.1055         2
    1.9050    0.7098    0.0878         2
    1.9100    0.5986    0.1109         2
    1.9150    0.5159    0.1190         2
    1.9200    0.5505    0.0449         2
    1.9250    0.3250    0.1151         2
    1.9300    0.3615    0.1570         2
    1.9350    0.7730    0.1185         2
    1.9400    0.8019    0.1259         2
    1.9450    0.7735    0.0823         2
    1.9500    0.6936    0.1157         2
    1.9550    0.7285    0.0901         2
    1.9600    0.7394    0.1298         2
    1.9650    0.7293    0.1141         2
    1.9700    0.7627    0.0898         2
    1.9750    0.5379    0.1100         2
    1.9800    0.5864    0.1016         2
    1.9850    0.7116    0.0955         2
    1.9900    0.7315    0.0963         2
    1.9950    0.8274    0.0803         2
    2.0000    0.8719    0.0948         1
    2.0050    0.8518    0.0965         1
    2.0100    0.8685    0.1491         1
    2.0150    0.8287    0.1317         2
    2.0200    0.6199    0.1375         2
    2.0250    0.4811    0.1503         2
    2.0300    0.5904    0.1459         2
    2.0350    0.7511    0.1020         2
    2.0400    0.7701    0.0954         2
    2.0450    0.7704    0.0562         2
    2.0500    0.6482    0.0525         2
    2.0550    0.4332    0.0924         2
    2.0600    0.6154    0.0773         2
    2.0650    0.6647    0.1062         2
    2.0700    0.6085    0.0981         2
    2.0750    0.6646    0.0919         2
    2.0800    0.6095    0.0966         2
    2.0850    0.6231    0.0967         2
    2.0900    0.6955    0.0771         2
    2.0950    0.6629    0.0714         2
    2.1000    0.5595    0.0886         2
    2.1050    0.6292    0.0971         2
    2.1100    0.7586    0.0871         2
    2.1150    0.7309    0.1000         2
    2.1200    0.7162    0.1204         2
    2.1250    0.8736    0.0872         2
    2.1300    0.7792    0.1287         2
    2.1350    0.8348    0.0852         2
    2.1400    0.8297    0.0932         2
    2.1450    0.6540    0.0971         2
    2.1500    0.7312    0.0886         2
    2.1550    0.6879    0.1095         2
    2.1600    0.7325    0.1084         2
    2.1650    0.8214    0.0944         2
    2.1700    0.7086    0.1483         2
    2.1750    0.8571    0.1029         2
    2.1800    0.8337    0.1485         2
    2.1850    0.8216    0.1473         2
    2.1900    1.0189    0.1118         2
    2.1950    0.8513    0.1203         2
    2.2000    0.7518    0.1344         2
    2.2050    0.8569    0.0988         2
    2.2100    0.7352    0.1239         2
    2.2150    0.6564    0.1653         2
    2.2200    0.9145    0.1508         2
    2.2250    0.9909    0.1737         2
    2.2300    1.0152    0.1499         2
    2.2350    0.9984    0.1534         2
    2.2400    0.8948    0.1887         2
    2.2450    1.0151    0.2188         2
    2.2500    1.2390    0.1593         2
    2.2550    1.0844    0.2112         2
    2.2600    1.0584    0.1669         2
    2.2650    1.0801    0.1617         2
    2.2700    0.8868    0.1433         2
    2.2750    0.8196    0.1528         2
    2.2800    0.7950    0.1306         2
    2.2850   -1.0000   -1.0000         0
    2.2900   -1.0000   -1.0000         0
    2.2950    0.9661    0.1685         2
    2.3000    0.9566    0.1693         2
    2.3050    0.8516    0.1269         2
    2.3100   -1.0000   -1.0000         0
    2.3150   -1.0000   -1.0000         0
    2.3200    0.9046    0.2586         2
    2.3250    1.2136    0.2416         2
    2.3300    1.2210    0.2120         2
    2.3350    1.1031    0.2199         2
    2.3400    1.0830    0.1804         2
    2.3450    0.9782    0.1951         2
    2.3500    0.8320    0.2213         1
    2.3550    1.1116    0.1433         2
    2.3600    0.9165    0.2034         2
    2.3650   -1.0000   -1.0000         0
    2.3700    0.9339    0.2043         2
    2.3750    0.8444    0.2057         1
    2.3800    1.0198    0.1537         2
    2.3850    0.8316    0.1942         1
    2.3900   -1.0000   -1.0000         0
    2.3950    1.1835    0.2781         2
    2.4000    1.3522    0.0805         2
    2.4050   -1.0000   -1.0000         0
    2.4100   -1.0000   -1.0000         0
    2.4150    1.0748    0.1127         2
    2.4200   -1.0000   -1.0000         0
    2.4250   -1.0000   -1.0000         0
    2.4300   -1.0000   -1.0000         0
    2.4350    0.9441    0.1897         2
    2.4400    1.2417    0.0990         2
    2.4450   -1.0000   -1.0000         0
    2.4500   -1.0000   -1.0000         0
    2.4550   -1.0000   -1.0000         0
    2.4600    1.0893    0.0261         2
    2.4650   -1.0000   -1.0000         0
    2.4700    1.0102    0.3948         2
    2.4750   -1.0000   -1.0000         0
    2.4800   -1.0000   -1.0000         0
    2.4850   -1.0000   -1.0000         0
    2.4900   -1.0000   -1.0000         0
