 0.5000	 0.9314	 0.0070
 0.5025	 0.9397	 0.0211
 0.5050	 0.9345	 0.0278
 0.5075	 0.9419	 0.0173
 0.5100	 0.9497	 0.0089
 0.5125	 0.9523	 0.0066
 0.5150	 0.9634	 0.0118
 0.5175	 0.9533	 0.0068
 0.5200	 0.9576	 0.0163
 0.5225	 0.9696	 0.0180
 0.5250	 0.9799	 0.0098
 0.5275	 0.9665	 0.0073
 0.5300	 0.9909	 0.0180
 0.5325	 0.9815	 0.0218
 0.5350	 0.9808	 0.0122
 0.5375	 0.9853	 0.0152
 0.5400	 0.9846	 0.0121
 0.5425	 0.9860	 0.0198
 0.5450	 1.0061	 0.0155
 0.5475	 1.0038	 0.0106
 0.5500	 1.0004	 0.0092
 0.5525	 1.0082	 0.0117
 0.5550	 0.9979	 0.0068
 0.5575	 1.0154	 0.0099
 0.5600	 1.0054	 0.0107
 0.5625	 1.0069	 0.0126
 0.5650	 1.0217	 0.0097
 0.5675	 1.0160	 0.0076
 0.5700	 1.0097	 0.0107
 0.5725	 1.0179	 0.0194
 0.5750	 1.0023	 0.0079
 0.5775	 1.0324	 0.0106
 0.5800	 1.0200	 0.0166
 0.5825	 1.0195	 0.0097
 0.5850	 1.0167	 0.0105
 0.5875	 1.0340	 0.0052
 0.5900	 1.0018	 0.0107
 0.5925	 1.0300	 0.0088
 0.5950	 1.0207	 0.0153
 0.5975	 1.0389	 0.0113
 0.6000	 1.0156	 0.0121
 0.6025	 1.0284	 0.0104
 0.6050	 1.0318	 0.0104
 0.6075	 1.0396	 0.0080
 0.6100	 1.0410	 0.0105
 0.6125	 1.0394	 0.0108
 0.6150	 1.0539	 0.0163
 0.6175	 1.0366	 0.0169
 0.6200	 1.0374	 0.0100
 0.6225	 1.0452	 0.0123
 0.6250	 1.0581	 0.0128
 0.6275	 1.0495	 0.0146
 0.6300	 1.0348	 0.0149
 0.6325	 1.0446	 0.0102
 0.6350	 1.0479	 0.0026
 0.6375	 1.0477	 0.0043
 0.6400	 1.0599	 0.0033
 0.6425	 1.0636	 0.0011
 0.6450	 1.0614	 0.0006
 0.6475	 1.0637	 0.0090
 0.6500	 1.0669	 0.0118
 0.6525	 1.0575	 0.0071
 0.6550	 1.1018	 0.0113
 0.6575	 1.0369	 0.0234
 0.6600	 1.0612	 0.0116
 0.6625	 1.0572	 0.0059
 0.6650	 1.0591	 0.0020
 0.6675	 1.0686	 0.0117
 0.6700	 1.0724	 0.0096
 0.6725	 1.0808	 0.0143
 0.6750	 1.0648	 0.0104
 0.6775	 1.0763	 0.0052
 0.6800	 1.0745	 0.0037
 0.6825	 1.0834	 0.0078
 0.6850	 1.0767	 0.0122
 0.6875	 1.1199	 0.0261
 0.6900	 1.0682	 0.0057
 0.6925	 1.0927	 0.0133
 0.6950	 1.0868	 0.0087
 0.6975	 1.0810	 0.0035
 0.7000	 1.0937	 0.0171
 0.7025	 1.0935	 0.0188
 0.7050	 1.0889	 0.0104
 0.7075	 1.0903	 0.0154
 0.7100	 1.0915	 0.0117
 0.7125	 1.1024	 0.0221
 0.7150	 1.1032	 0.0212
 0.7175	 1.1445	 0.0526
 0.7200	 1.1116	 0.0171
 0.7225	 1.0976	 0.0402
 0.7250	 1.1265	 0.0146
 0.7275	 1.1085	 0.0253
 0.7300	 1.1027	 0.0168
 0.7325	 1.0865	 0.0025
 0.7350	 1.1204	 0.0227
 0.7375	 1.1031	 0.0204
 0.7400	 1.1088	 0.0362
 0.7425	 1.1014	 0.0365
 0.7450	 1.1139	 0.0343
 0.7475	 1.1130	 0.0200
 0.7500	 1.1179	 0.0359
 0.7525	 1.1038	 0.0251
 0.7550	 1.0995	 0.0209
 0.7575	 1.1222	 0.0485
 0.7625	 1.0617	 0.0431
 0.7650	 1.1051	 0.0500
 0.7675	 1.0864	 0.0099
 0.7700	 1.1188	 0.0277
 0.7725	 1.1476	 0.0360
 0.7750	 1.1325	 0.0203
 0.7775	 1.1168	 0.0400
 0.7800	 1.1512	 0.0470
 0.7825	 1.1294	 0.0537
 0.7850	 1.1370	 0.0290
 0.7875	 1.1226	 0.0315
 0.7900	 1.1385	 0.0378
 0.7925	 1.1409	 0.0515
 0.7950	 1.1267	 0.0379
 0.7975	 1.1184	 0.0480
 0.8000	 1.1527	 0.0451
 0.8025	 1.1188	 0.0351
 0.8050	 1.1360	 0.0450
 0.8075	 1.1275	 0.0514
 0.8100	 1.1406	 0.0391
 0.8125	 1.1123	 0.0515
 0.8150	 1.1272	 0.0631
 0.8175	 1.1009	 0.0357
 0.8200	 1.1025	 0.0351
 0.8225	 1.1664	 0.0495
 0.8250	 1.1092	 0.0371
 0.8275	 1.1283	 0.0484
 0.8300	 1.1295	 0.0111
 0.8325	 1.1475	 0.0331
 0.8350	 1.1140	 0.0122
 0.8375	 1.1175	 0.0517
 0.8400	 1.1638	 0.0476
 0.8425	 1.1169	 0.0536
 0.8450	 1.1402	 0.0259
 0.8475	 1.1291	 0.0422
 0.8500	 1.1410	 0.0591
 0.8525	 1.1485	 0.0629
 0.8550	 1.1395	 0.0505
 0.8575	 1.1201	 0.0385
 0.8600	 1.1477	 0.0439
 0.8625	 1.1302	 0.0546
 0.8650	 1.1816	 0.0841
 0.8675	 1.1161	 0.0332
 0.8700	 1.1337	 0.0363
 0.8725	 1.1392	 0.0638
 0.8750	 1.1286	 0.0156
 0.8775	 1.1192	 0.0532
 0.8800	 1.1400	 0.0634
 0.8825	 1.1394	 0.0605
 0.8850	 1.1401	 0.0712
 0.8875	 1.1266	 0.0191
 0.8900	 1.1422	 0.0819
 0.8925	 1.1751	 0.1038
 0.8950	 1.1622	 0.0803
 0.8975	 1.1300	 0.0202
 0.9000	 1.1534	 0.0523
 0.9025	 1.1097	 0.0404
 0.9050	 1.1022	 0.0093
 0.9075	 1.1897	 0.0772
 0.9100	 1.1570	 0.0464
 0.9125	 1.0793	 0.0090
 0.9150	 1.1791	 0.0972
 0.9175	 1.1016	 0.0124
 0.9200	 1.0902	 0.0437
 0.9225	 1.1758	 0.0773
 0.9250	 1.0632	 0.0382
 0.9275	 1.1806	 0.1254
 0.9300	 1.2040	 0.1015
