     0.6500    -1.0000    -1.0000         0
     0.6550    -1.0000    -1.0000         0
     0.6600    -1.0000    -1.0000         0
     0.6650    -1.0000    -1.0000         0
     0.6700    -1.0000    -1.0000         0
     0.6750    -1.0000    -1.0000         0
     0.6800    -1.0000    -1.0000         0
     0.6850    -1.0000    -1.0000         0
     0.6900    -1.0000    -1.0000         0
     0.6950    -1.0000    -1.0000         0
     0.7000    -1.0000    -1.0000         0
     0.7050    -1.0000    -1.0000         0
     0.7100    -1.0000    -1.0000         0
     0.7150    -1.0000    -1.0000         0
     0.7200    -1.0000    -1.0000         0
     0.7250    -1.0000    -1.0000         0
     0.7300    -1.0000    -1.0000         0
     0.7350    -1.0000    -1.0000         0
     0.7400    -1.0000    -1.0000         0
     0.7450    -1.0000    -1.0000         0
     0.7500    -1.0000    -1.0000         0
     0.7550    -1.0000    -1.0000         0
     0.7600    -1.0000    -1.0000         0
     0.7650    -1.0000    -1.0000         0
     0.7700     1.0535     0.0417         2
     0.7750     1.0903     0.0329         2
     0.7800     1.1030     0.0271         2
     0.7850     1.0631     0.0214         2
     0.7900     1.0884     0.0197         2
     0.7950     1.1009     0.0179         2
     0.8000     1.0870     0.0172         2
     0.8050     1.0469     0.0161         2
     0.8100     1.0461     0.0143         2
     0.8150     1.0429     0.0137         2
     0.8200     1.0574     0.0129         2
     0.8250     1.0566     0.0125         2
     0.8300     1.0369     0.0133         2
     0.8350     1.0192     0.0127         2
     0.8400     1.0159     0.0121         2
     0.8450     1.0051     0.0120         2
     0.8500     0.9909     0.0123         2
     0.8550     0.9785     0.0125         2
     0.8600     0.9777     0.0127         2
     0.8650     0.9661     0.0126         2
     0.8700     0.9586     0.0136         2
     0.8750     0.9343     0.0129         2
     0.8800     0.9591     0.0123         2
     0.8850     0.9439     0.0112         2
     0.8900     0.9379     0.0114         2
     0.8950     0.9337     0.0113         2
     0.9000     0.9334     0.0107         2
     0.9050     0.9293     0.0103         2
     0.9100     0.9321     0.0104         2
     0.9150     0.9128     0.0098         2
     0.9200     0.9214     0.0101         2
     0.9250     0.9106     0.0098         2
     0.9300     0.9041     0.0101         2
     0.9350     0.8979     0.0108         2
     0.9400     0.8858     0.0106         2
     0.9450     0.9097     0.0105         2
     0.9500     0.8920     0.0100         2
     0.9550     0.8920     0.0095         2
     0.9600     0.9088     0.0094         2
     0.9650     0.8972     0.0093         2
     0.9700     0.9093     0.0095         2
     0.9750     0.9066     0.0094         2
     0.9800     0.8942     0.0090         2
     0.9850     0.9015     0.0088         2
     0.9900     0.8952     0.0084         2
     0.9950     0.8801     0.0094         2
     1.0000     0.8889     0.0093         2
     1.0050     0.8979     0.0096         2
     1.0100     0.9000     0.0096         2
     1.0150     0.8919     0.0088         2
     1.0200     0.8836     0.0086         2
     1.0250     0.9029     0.0085         2
     1.0300     0.9173     0.0087         2
     1.0350     0.9043     0.0084         2
     1.0400     0.9050     0.0088         2
     1.0450     0.8969     0.0084         2
     1.0500     0.9011     0.0086         2
     1.0550     0.9009     0.0095         2
     1.0600     0.9103     0.0083         2
     1.0650     0.9141     0.0088         2
     1.0700     0.9087     0.0083         2
     1.0750     0.9150     0.0092         2
     1.0800     0.9161     0.0095         2
     1.0850     0.9211     0.0089         2
     1.0900     0.9125     0.0100         2
     1.0950     0.9248     0.0096         2
     1.1000     0.9513     0.0090         2
     1.1050     0.9512     0.0095         2
     1.1100     0.9447     0.0099         2
     1.1150     0.9215     0.0112         2
     1.1200     0.9472     0.0100         2
     1.1250     0.9628     0.0108         2
     1.1300     0.9757     0.0108         2
     1.1350     0.9607     0.0110         2
     1.1400     0.9695     0.0118         2
     1.1450     0.9582     0.0116         2
     1.1500     0.9555     0.0108         2
     1.1550     0.9668     0.0107         2
     1.1600     0.9805     0.0102         2
     1.1650     0.9956     0.0102         2
     1.1700     0.9955     0.0097         2
     1.1750     0.9992     0.0099         2
     1.1800     0.9981     0.0100         2
     1.1850     1.0232     0.0095         2
     1.1900     1.0128     0.0103         2
     1.1950     1.0111     0.0105         2
     1.2000     1.0025     0.0100         2
     1.2050     1.0252     0.0113         2
     1.2100     1.0255     0.0102         2
     1.2150     1.0156     0.0113         2
     1.2200     1.0132     0.0112         2
     1.2250     1.0150     0.0108         2
     1.2300     1.0130     0.0108         2
     1.2350     1.0211     0.0104         2
     1.2400     1.0433     0.0109         2
     1.2450     1.0158     0.0120         2
     1.2500     1.0294     0.0103         2
     1.2550     1.0316     0.0105         2
     1.2600     1.0385     0.0116         2
     1.2650     1.0272     0.0111         2
     1.2700     1.0566     0.0117         1
     1.2750     1.0556     0.0119         2
     1.2800     1.0176     0.0113         2
     1.2850     1.0360     0.0105         2
     1.2900     1.0218     0.0110         2
     1.2950     1.0287     0.0106         2
     1.3000     1.0560     0.0104         2
     1.3050     1.0614     0.0109         2
     1.3100     1.0691     0.0110         2
     1.3150     1.0663     0.0116         1
     1.3200     1.0535     0.0117         2
     1.3250     1.0680     0.0114         2
     1.3300     1.0637     0.0117         2
     1.3350     1.0809     0.0121         2
     1.3400     1.1004     0.0133         1
     1.3450     1.0899     0.0151         1
     1.3500     1.1260     0.0204         1
     1.3550    -1.0000    -1.0000         0
     1.3600     1.0757     0.0281         2
     1.3650     1.0889     0.0307         2
     1.3700    -1.0000    -1.0000         0
     1.3750     1.1012     0.0282         2
     1.3800    -1.0000    -1.0000         0
     1.3850     1.1444     0.0263         1
     1.3900    -1.0000    -1.0000         0
     1.3950     1.1104     0.0234         2
     1.4000     1.1028     0.0205         2
     1.4050     1.1259     0.0208         2
     1.4100     1.1362     0.0191         2
     1.4150     1.1234     0.0170         2
     1.4200     1.1202     0.0163         2
     1.4250     1.1393     0.0151         2
     1.4300     1.1196     0.0139         2
     1.4350     1.1704     0.0160         1
     1.4400    -1.0000    -1.0000         0
     1.4450    -1.0000    -1.0000         0
     1.4500     1.1531     0.0144         2
     1.4550     1.1308     0.0136         2
     1.4600     1.1398     0.0145         2
     1.4650     1.1420     0.0136         2
     1.4700     1.1371     0.0137         2
     1.4750     1.1470     0.0149         2
     1.4800     1.1434     0.0140         2
     1.4850     1.1572     0.0123         2
     1.4900     1.1849     0.0143         2
     1.4950     1.1704     0.0141         2
     1.5000     1.1671     0.0132         2
     1.5050     1.1731     0.0137         2
     1.5100     1.1469     0.0141         1
     1.5150    -1.0000    -1.0000         0
     1.5200     1.1691     0.0129         2
     1.5250     1.1591     0.0130         2
     1.5300     1.1587     0.0127         2
     1.5350     1.1905     0.0119         2
     1.5400     1.1518     0.0122         2
     1.5450     1.1381     0.0125         2
     1.5500     1.1784     0.0124         2
     1.5550     1.1693     0.0125         2
     1.5600     1.1462     0.0129         2
     1.5650     1.1275     0.0138         2
     1.5700     1.1777     0.0134         2
     1.5750     1.1686     0.0136         2
     1.5800     1.1648     0.0131         2
     1.5850     1.1703     0.0123         2
     1.5900     1.1678     0.0128         2
     1.5950     1.1723     0.0128         2
     1.6000     1.1818     0.0143         2
     1.6050     1.1529     0.0137         2
     1.6100     1.1308     0.0146         2
     1.6150     1.1552     0.0133         2
     1.6200     1.1257     0.0120         2
     1.6250     1.1665     0.0135         2
     1.6300     1.1240     0.0121         2
     1.6350     1.0995     0.0137         2
     1.6400     1.1553     0.0141         2
     1.6450     1.1544     0.0128         2
     1.6500     1.1416     0.0129         2
     1.6550     1.1081     0.0140         2
     1.6600     1.0844     0.0127         2
     1.6650     1.1100     0.0136         2
     1.6700     1.1343     0.0133         2
     1.6750     1.1029     0.0142         2
     1.6800     1.1027     0.0131         2
     1.6850     1.1189     0.0146         2
     1.6900     1.1552     0.0142         2
     1.6950     1.1311     0.0131         2
     1.7000     1.1286     0.0138         2
     1.7050     1.0975     0.0136         2
     1.7100     1.1371     0.0140         2
     1.7150     1.0754     0.0134         2
     1.7200     1.0763     0.0141         2
     1.7250     1.0410     0.0148         2
     1.7300     1.0672     0.0149         2
     1.7350     1.0908     0.0142         2
     1.7400     1.1015     0.0143         2
     1.7450     1.0761     0.0135         2
     1.7500     1.0643     0.0143         2
     1.7550     1.0737     0.0148         2
     1.7600     1.1094     0.0140         2
     1.7650     1.1061     0.0157         2
     1.7700     1.0734     0.0148         2
     1.7750     1.0607     0.0142         2
     1.7800     1.0256     0.0154         2
     1.7850     1.0587     0.0153         2
     1.7900     1.0793     0.0165         2
     1.7950     1.0501     0.0168         2
     1.8000     1.1051     0.0181         2
     1.8050    -1.0000    -1.0000         0
     1.8100     1.0581     0.0221         2
     1.8150     1.0338     0.0217         2
     1.8200     1.0430     0.0248         2
     1.8250     1.0531     0.0281         2
     1.8300     1.0601     0.0360         2
     1.8350     1.0091     0.0441         2
     1.8400     0.9697     0.0403         1
     1.8450     1.0975     0.0492         2
     1.8500    -1.0000    -1.0000         0
     1.8550    -1.0000    -1.0000         0
     1.8600     1.0542     0.0462         2
     1.8650    -1.0000    -1.0000         0
     1.8700    -1.0000    -1.0000         0
     1.8750     1.0946     0.0490         2
     1.8800     1.0587     0.0421         2
     1.8850     1.0608     0.0372         2
     1.8900     1.0012     0.0326         2
     1.8950     0.9708     0.0362         2
     1.9000    -1.0000    -1.0000         0
     1.9050     0.9890     0.0445         2
     1.9100     1.0216     0.0398         2
     1.9150     1.0437     0.0354         2
     1.9200     1.0581     0.0342         2
     1.9250     1.0508     0.0285         1
     1.9300     0.9817     0.0309         2
     1.9350     1.0120     0.0249         2
     1.9400     1.0377     0.0245         2
     1.9450     1.0093     0.0243         2
     1.9500     0.9983     0.0252         2
     1.9550     0.9531     0.0244         2
     1.9600     0.9709     0.0262         2
     1.9650     1.0713     0.0234         2
     1.9700     1.0257     0.0215         2
     1.9750     1.0122     0.0198         2
     1.9800     1.0055     0.0192         2
     1.9850     0.9897     0.0181         2
     1.9900     0.9899     0.0180         2
     1.9950     1.0100     0.0192         2
     2.0000    -1.0000    -1.0000         0
     2.0050     0.9432     0.0249         2
     2.0100     1.0363     0.0304         2
     2.0150     1.0021     0.0257         2
     2.0200     1.0252     0.0259         2
     2.0250     1.0839     0.0226         1
     2.0300     0.9983     0.0198         2
     2.0350     0.9635     0.0176         2
     2.0400     0.9548     0.0193         2
     2.0450     0.9672     0.0182         2
     2.0500     1.0113     0.0207         2
     2.0550     1.0012     0.0218         2
     2.0600     0.9822     0.0210         2
     2.0650     1.0019     0.0220         2
     2.0700     1.0505     0.0226         2
     2.0750     0.9886     0.0197         2
     2.0800     0.9766     0.0188         2
     2.0850     1.0103     0.0181         2
     2.0900     1.0187     0.0189         2
     2.0950     0.9975     0.0192         2
     2.1000     1.0074     0.0182         2
     2.1050     0.9831     0.0190         2
     2.1100     1.0296     0.0196         2
     2.1150     1.0126     0.0187         2
     2.1200     1.0098     0.0192         2
     2.1250     1.0123     0.0190         2
     2.1300     1.0262     0.0198         2
     2.1350     1.0336     0.0211         2
     2.1400     1.0548     0.0209         2
     2.1450     1.0556     0.0215         2
     2.1500     1.0450     0.0215         2
     2.1550     1.0255     0.0212         2
     2.1600     1.0247     0.0213         2
     2.1650     1.0316     0.0212         2
     2.1700     1.0722     0.0216         2
     2.1750     1.0412     0.0220         2
     2.1800     1.0711     0.0253         2
     2.1850     1.0818     0.0223         2
     2.1900     0.9885     0.0253         2
     2.1950     0.9887     0.0232         1
     2.2000     1.0503     0.0232         2
     2.2050     1.0895     0.0258         2
     2.2100     1.0632     0.0238         2
     2.2150     1.0584     0.0251         2
     2.2200     1.0216     0.0236         2
     2.2250     1.0039     0.0237         2
     2.2300     1.0778     0.0247         2
     2.2350     1.0980     0.0242         2
     2.2400     1.0311     0.0247         2
     2.2450     1.0263     0.0249         2
     2.2500     1.0254     0.0259         2
     2.2550     1.0026     0.0251         1
     2.2600     1.0757     0.0239         2
     2.2650     1.1089     0.0262         2
     2.2700     1.1006     0.0254         2
     2.2750     1.0908     0.0300         2
     2.2800     1.0337     0.0269         2
     2.2850     1.0296     0.0270         2
     2.2900     1.0226     0.0277         2
     2.2950     1.0291     0.0274         2
     2.3000     1.0816     0.0279         2
     2.3050     1.1030     0.0268         2
     2.3100     1.0936     0.0313         2
     2.3150     1.0553     0.0288         2
     2.3200     1.0704     0.0279         2
     2.3250     1.0281     0.0267         2
     2.3300     1.0488     0.0282         2
     2.3350     1.0448     0.0275         2
     2.3400     1.0019     0.0286         2
     2.3450     1.0489     0.0299         2
     2.3500    -1.0000    -1.0000         0
     2.3550     1.0780     0.0286         2
     2.3600     1.0211     0.0302         2
     2.3650     1.0474     0.0302         2
     2.3700    -1.0000    -1.0000         0
     2.3750    -1.0000    -1.0000         0
     2.3800     1.1220     0.0327         2
     2.3850     1.1183     0.0338         2
     2.3900    -1.0000    -1.0000         0
     2.3950     1.1038     0.0310         2
     2.4000     1.0711     0.0307         2
     2.4050     1.0569     0.0333         2
     2.4100     1.0361     0.0334         2
     2.4150    -1.0000    -1.0000         0
     2.4200     1.1231     0.0343         2
     2.4250     1.0485     0.0330         2
     2.4300     1.1398     0.0366         2
     2.4350     1.1171     0.0368         2
     2.4400     1.0911     0.0414         1
     2.4450    -1.0000    -1.0000         0
     2.4500    -1.0000    -1.0000         0
     2.4550    -1.0000    -1.0000         0
     2.4600    -1.0000    -1.0000         0
     2.4650    -1.0000    -1.0000         0
     2.4700    -1.0000    -1.0000         0
     2.4750    -1.0000    -1.0000         0
     2.4800    -1.0000    -1.0000         0
     2.4850    -1.0000    -1.0000         0
     2.4900    -1.0000    -1.0000         0
