     0.6500    -1.0000    -1.0000         0
     0.6550    -1.0000    -1.0000         0
     0.6600    -1.0000    -1.0000         0
     0.6650    -1.0000    -1.0000         0
     0.6700    -1.0000    -1.0000         0
     0.6750    -1.0000    -1.0000         0
     0.6800    -1.0000    -1.0000         0
     0.6850    -1.0000    -1.0000         0
     0.6900    -1.0000    -1.0000         0
     0.6950    -1.0000    -1.0000         0
     0.7000    -1.0000    -1.0000         0
     0.7050    -1.0000    -1.0000         0
     0.7100    -1.0000    -1.0000         0
     0.7150    -1.0000    -1.0000         0
     0.7200    -1.0000    -1.0000         0
     0.7250    -1.0000    -1.0000         0
     0.7300    -1.0000    -1.0000         0
     0.7350    -1.0000    -1.0000         0
     0.7400    -1.0000    -1.0000         0
     0.7450    -1.0000    -1.0000         0
     0.7500    -1.0000    -1.0000         0
     0.7550    -1.0000    -1.0000         0
     0.7600     0.9743     0.1546         1
     0.7650     0.9045     0.1102         1
     0.7700     0.9546     0.0783         1
     0.7750     0.8926     0.0551         1
     0.7800     0.9252     0.0425         1
     0.7850     0.8906     0.0333         1
     0.7900     0.8940     0.0284         1
     0.7950     0.9177     0.0263         1
     0.8000     0.9177     0.0245         1
     0.8050     0.9069     0.0228         1
     0.8100     0.8690     0.0208         1
     0.8150     0.8760     0.0190         1
     0.8200     0.8989     0.0184         1
     0.8250     0.8742     0.0171         1
     0.8300     0.8996     0.0169         1
     0.8350     0.9089     0.0175         1
     0.8400     0.8830     0.0165         1
     0.8450     0.8723     0.0164         1
     0.8500     0.8460     0.0164         1
     0.8550     0.8414     0.0166         1
     0.8600     0.8333     0.0165         1
     0.8650     0.8391     0.0167         1
     0.8700     0.8246     0.0166         1
     0.8750     0.8041     0.0159         1
     0.8800     0.8149     0.0152         1
     0.8850     0.8180     0.0147         1
     0.8900     0.8223     0.0152         1
     0.8950     0.7947     0.0137         1
     0.9000     0.7924     0.0134         1
     0.9050     0.8008     0.0138         1
     0.9100     0.8050     0.0136         1
     0.9150     0.7987     0.0133         1
     0.9200     0.8079     0.0133         1
     0.9250     0.7999     0.0134         1
     0.9300     0.7933     0.0139         1
     0.9350     0.7849     0.0149         1
     0.9400    -1.0000    -1.0000         0
     0.9450     0.7873     0.0155         1
     0.9500     0.8088     0.0155         1
     0.9550     0.8227     0.0148         1
     0.9600     0.8334     0.0144         1
     0.9650     0.8420     0.0142         1
     0.9700     0.8377     0.0129         1
     0.9750     0.8320     0.0124         1
     0.9800     0.8360     0.0123         1
     0.9850     0.8238     0.0117         1
     0.9900     0.8374     0.0114         1
     0.9950     0.8625     0.0116         1
     1.0000     0.8635     0.0114         1
     1.0050     0.8692     0.0113         1
     1.0100     0.8907     0.0110         1
     1.0150     0.8865     0.0113         1
     1.0200     0.8884     0.0108         1
     1.0250     0.8912     0.0114         1
     1.0300     0.8947     0.0111         1
     1.0350     0.8725     0.0111         1
     1.0400     0.8999     0.0113         1
     1.0450     0.9204     0.0118         1
     1.0500     0.9049     0.0117         1
     1.0550     0.8955     0.0117         1
     1.0600     0.8969     0.0114         1
     1.0650     0.9208     0.0122         1
     1.0700     0.9320     0.0118         1
     1.0750     0.9313     0.0118         1
     1.0800     0.9298     0.0115         1
     1.0850     0.9588     0.0118         1
     1.0900     0.9585     0.0121         1
     1.0950     0.9678     0.0126         1
     1.1000     0.9510     0.0134         1
     1.1050     0.9597     0.0126         1
     1.1100     0.9674     0.0136         1
     1.1150     0.9880     0.0155         1
     1.1200     0.9652     0.0164         1
     1.1250     0.9488     0.0172         1
     1.1300     0.9507     0.0180         1
     1.1350     0.9861     0.0188         1
     1.1400     0.9768     0.0182         1
     1.1450     0.9757     0.0181         1
     1.1500    -1.0000    -1.0000         0
     1.1550     1.0058     0.0165         1
     1.1600     0.9997     0.0163         1
     1.1650     0.9893     0.0146         1
     1.1700     0.9927     0.0143         1
     1.1750     0.9955     0.0134         1
     1.1800     0.9956     0.0130         1
     1.1850     0.9846     0.0132         1
     1.1900     0.9849     0.0133         1
     1.1950     0.9944     0.0144         1
     1.2000     0.9986     0.0131         1
     1.2050     0.9858     0.0138         1
     1.2100     0.9955     0.0133         1
     1.2150     1.0010     0.0138         1
     1.2200     0.9859     0.0137         1
     1.2250    -1.0000    -1.0000         0
     1.2300     1.0094     0.0142         1
     1.2350     0.9906     0.0142         1
     1.2400     1.0101     0.0134         1
     1.2450    -1.0000    -1.0000         0
     1.2500     0.9949     0.0133         1
     1.2550     0.9984     0.0137         1
     1.2600     1.0203     0.0140         1
     1.2650     1.0302     0.0138         1
     1.2700     1.0250     0.0152         1
     1.2750     1.0080     0.0174         1
     1.2800     1.0364     0.0147         1
     1.2850     1.0385     0.0158         1
     1.2900     1.0402     0.0143         1
     1.2950     1.0649     0.0143         1
     1.3000     1.0296     0.0137         1
     1.3050     1.0451     0.0145         1
     1.3100     1.0363     0.0144         1
     1.3150     1.0689     0.0151         1
     1.3200     1.0695     0.0163         1
     1.3250     1.0463     0.0162         1
     1.3300     1.0460     0.0171         1
     1.3350     1.0642     0.0181         1
     1.3400     1.0446     0.0203         1
     1.3450     1.0507     0.0254         1
     1.3500     1.0237     0.0357         1
     1.3550    -1.0000    -1.0000         0
     1.3600    -1.0000    -1.0000         0
     1.3650    -1.0000    -1.0000         0
     1.3700     1.0227     0.1891         1
     1.3750     1.0180     0.1735         1
     1.3800    -1.0000    -1.0000         0
     1.3850    -1.0000    -1.0000         0
     1.3900     1.1185     0.1102         1
     1.3950     1.1165     0.0855         1
     1.4000    -1.0000    -1.0000         0
     1.4050     1.0610     0.0610         1
     1.4100     1.1402     0.0508         1
     1.4150     1.1372     0.0478         1
     1.4200     1.1164     0.0357         1
     1.4250     1.1532     0.0364         1
     1.4300     1.0832     0.0327         1
     1.4350     1.0312     0.0292         1
     1.4400     1.1161     0.0275         1
     1.4450     1.1169     0.0263         1
     1.4500     1.0507     0.0245         1
     1.4550     1.0915     0.0237         1
     1.4600     1.1516     0.0231         1
     1.4650     1.1251     0.0250         1
     1.4700     1.1591     0.0243         1
     1.4750     1.1527     0.0252         1
     1.4800     1.0857     0.0220         1
     1.4850     1.0906     0.0202         1
     1.4900     1.0918     0.0197         1
     1.4950     1.0546     0.0198         1
     1.5000     1.0480     0.0180         1
     1.5050     1.0844     0.0169         1
     1.5100     1.1007     0.0166         1
     1.5150     1.1382     0.0177         1
     1.5200     1.1252     0.0167         1
     1.5250     1.0970     0.0174         1
     1.5300     1.0906     0.0167         1
     1.5350     1.0587     0.0158         1
     1.5400     1.0637     0.0158         1
     1.5450     1.0856     0.0173         1
     1.5500     1.0943     0.0161         1
     1.5550     1.0715     0.0158         1
     1.5600     1.0862     0.0156         1
     1.5650     1.1244     0.0159         1
     1.5700     1.0903     0.0163         1
     1.5750     1.0878     0.0169         1
     1.5800     1.1249     0.0167         1
     1.5850     1.1064     0.0167         1
     1.5900     1.0744     0.0172         1
     1.5950     1.0885     0.0189         1
     1.6000     1.0099     0.0162         1
     1.6050     1.1227     0.0179         1
     1.6100     1.1365     0.0173         1
     1.6150     1.0624     0.0163         1
     1.6200     1.1040     0.0179         1
     1.6250     1.1396     0.0187         1
     1.6300     1.0951     0.0176         1
     1.6350     1.0649     0.0176         1
     1.6400     1.0408     0.0178         1
     1.6450     1.1038     0.0178         1
     1.6500     1.1516     0.0194         1
     1.6550     1.0575     0.0175         1
     1.6600     0.9974     0.0173         1
     1.6650     0.9784     0.0169         1
     1.6700     1.0123     0.0175         1
     1.6750     0.9978     0.0174         1
     1.6800     1.0561     0.0174         1
     1.6850     1.0937     0.0179         1
     1.6900     1.0343     0.0203         1
     1.6950     0.9572     0.0194         1
     1.7000     0.9948     0.0181         1
     1.7050     1.0825     0.0197         1
     1.7100     0.9612     0.0186         1
     1.7150     0.9163     0.0187         1
     1.7200     0.9589     0.0196         1
     1.7250     0.9999     0.0194         1
     1.7300     0.9974     0.0206         1
     1.7350     0.9811     0.0203         1
     1.7400     1.0299     0.0184         1
     1.7450     1.0164     0.0216         1
     1.7500     0.9317     0.0193         1
     1.7550     0.9431     0.0197         1
     1.7600     0.9448     0.0185         1
     1.7650     0.9288     0.0213         1
     1.7700     0.9378     0.0222         1
     1.7750     0.9958     0.0211         1
     1.7800     1.0286     0.0224         1
     1.7850     1.0819     0.0243         1
     1.7900     0.9607     0.0242         1
     1.7950     0.8697     0.0270         1
     1.8000     1.0390     0.0316         1
     1.8050     1.0181     0.0392         1
     1.8100     0.9228     0.0467         1
     1.8150     0.9765     0.0543         1
     1.8200     1.1138     0.0633         1
     1.8250     1.1284     0.1039         1
     1.8300    -1.0000    -1.0000         0
     1.8350    -1.0000    -1.0000         0
     1.8400     0.7649     0.2902         1
     1.8450    -1.0000    -1.0000         0
     1.8500    -1.0000    -1.0000         0
     1.8550    -1.0000    -1.0000         0
     1.8600     0.7828     0.2738         1
     1.8650    -1.0000    -1.0000         0
     1.8700    -1.0000    -1.0000         0
     1.8750    -1.0000    -1.0000         0
     1.8800     0.8742     0.2287         1
     1.8850    -1.0000    -1.0000         0
     1.8900     1.2279     0.1581         1
     1.8950     0.8852     0.1630         1
     1.9000    -1.0000    -1.0000         0
     1.9050     0.7910     0.2396         1
     1.9100     1.0133     0.2437         1
     1.9150    -1.0000    -1.0000         0
     1.9200    -1.0000    -1.0000         0
     1.9250     1.0987     0.1198         1
     1.9300     1.2282     0.0971         1
     1.9350     1.2695     0.0952         1
     1.9400     1.0416     0.0727         1
     1.9450     1.0800     0.0610         1
     1.9500     1.1603     0.0643         1
     1.9550     1.1363     0.0562         1
     1.9600     1.1475     0.0531         1
     1.9650     0.9893     0.0468         1
     1.9700     0.9955     0.0355         1
     1.9750     1.0431     0.0381         1
     1.9800     1.0050     0.0343         1
     1.9850     1.0101     0.0322         1
     1.9900     0.9804     0.0271         1
     1.9950     0.9529     0.0291         1
     2.0000     0.8962     0.0372         1
     2.0050    -1.0000    -1.0000         0
     2.0100    -1.0000    -1.0000         0
     2.0150     1.0313     0.0495         1
     2.0200     1.0425     0.0396         1
     2.0250     1.0700     0.0355         1
     2.0300     1.0532     0.0306         1
     2.0350     0.9686     0.0282         1
     2.0400     1.0193     0.0278         1
     2.0450     1.0602     0.0316         1
     2.0500     0.9895     0.0315         1
     2.0550     0.9488     0.0344         1
     2.0600     1.0350     0.0321         1
     2.0650     1.1050     0.0342         1
     2.0700     0.9994     0.0323         1
     2.0750     0.9902     0.0318         1
     2.0800     1.0741     0.0307         1
     2.0850     1.0216     0.0304         1
     2.0900     0.9830     0.0295         1
     2.0950     1.0546     0.0274         1
     2.1000     1.0163     0.0311         1
     2.1050     0.9423     0.0293         1
     2.1100     0.9994     0.0279         1
     2.1150     1.0997     0.0319         1
     2.1200     1.1311     0.0321         1
     2.1250     1.0962     0.0334         1
     2.1300     1.1526     0.0320         1
     2.1350     1.1051     0.0337         1
     2.1400     0.9802     0.0290         1
     2.1450     0.9450     0.0295         1
     2.1500     0.8983     0.0343         1
     2.1550     0.9143     0.0305         1
     2.1600     1.0102     0.0330         1
     2.1650     1.1273     0.0337         1
     2.1700     1.1191     0.0362         1
     2.1750     1.0379     0.0347         1
     2.1800     0.9647     0.0358         1
     2.1850     1.0309     0.0327         1
     2.1900     1.0625     0.0352         1
     2.1950     1.0011     0.0365         1
     2.2000     0.9985     0.0339         1
     2.2050     1.0117     0.0347         1
     2.2100     1.0391     0.0382         1
     2.2150     1.0135     0.0361         1
     2.2200     0.9428     0.0355         1
     2.2250     0.9905     0.0362         1
     2.2300     1.0361     0.0379         1
     2.2350     1.0377     0.0383         1
     2.2400     1.0453     0.0421         1
     2.2450     1.0051     0.0377         1
     2.2500     1.0970     0.0373         1
     2.2550     1.0186     0.0384         1
     2.2600     1.0318     0.0368         1
     2.2650     1.1452     0.0423         1
     2.2700     1.0219     0.0409         1
     2.2750     1.0826     0.0406         1
     2.2800     1.1540     0.0455         1
     2.2850     1.0064     0.0426         1
     2.2900     1.0135     0.0431         1
     2.2950     1.0561     0.0426         1
     2.3000     1.1184     0.0446         1
     2.3050     0.9968     0.0452         1
     2.3100     0.8840     0.0413         1
     2.3150     0.9642     0.0420         1
     2.3200     1.0520     0.0414         1
     2.3250     1.1314     0.0458         1
     2.3300     1.1601     0.0460         1
     2.3350     1.1755     0.0496         1
     2.3400     0.9870     0.0494         1
     2.3450    -1.0000    -1.0000         0
     2.3500    -1.0000    -1.0000         0
     2.3550    -1.0000    -1.0000         0
     2.3600    -1.0000    -1.0000         0
     2.3650     0.9439     0.0549         1
     2.3700     1.1240     0.0585         1
     2.3750     1.3051     0.0609         1
     2.3800     1.2544     0.0616         1
     2.3850     1.1208     0.0606         1
     2.3900     1.1790     0.0585         1
     2.3950     1.2541     0.0604         1
     2.4000     1.1741     0.0672         1
     2.4050     1.1848     0.0641         1
     2.4100     1.2754     0.0739         1
     2.4150    -1.0000    -1.0000         0
     2.4200    -1.0000    -1.0000         0
     2.4250     0.8838     0.0675         1
     2.4300     0.9963     0.0630         1
     2.4350    -1.0000    -1.0000         0
     2.4400     1.0165     0.0799         1
     2.4450    -1.0000    -1.0000         0
     2.4500    -1.0000    -1.0000         0
     2.4550    -1.0000    -1.0000         0
     2.4600    -1.0000    -1.0000         0
     2.4650    -1.0000    -1.0000         0
     2.4700    -1.0000    -1.0000         0
     2.4750    -1.0000    -1.0000         0
     2.4800    -1.0000    -1.0000         0
     2.4850    -1.0000    -1.0000         0
     2.4900    -1.0000    -1.0000         0
