    0.6500   -1.0000   -1.0000
    0.6550   -1.0000   -1.0000
    0.6600   -1.0000   -1.0000
    0.6650   -1.0000   -1.0000
    0.6700   -1.0000   -1.0000
    0.6750   -1.0000   -1.0000
    0.6800   -1.0000   -1.0000
    0.6850   -1.0000   -1.0000
    0.6900   -1.0000   -1.0000
    0.6950   -1.0000   -1.0000
    0.7000   -1.0000   -1.0000
    0.7050   -1.0000   -1.0000
    0.7100   -1.0000   -1.0000
    0.7150   -1.0000   -1.0000
    0.7200   -1.0000   -1.0000
    0.7250   -1.0000   -1.0000
    0.7300   -1.0000   -1.0000
    0.7350   -1.0000   -1.0000
    0.7400   -1.0000   -1.0000
    0.7450   -1.0000   -1.0000
    0.7500   -1.0000   -1.0000
    0.7550   -1.0000   -1.0000
    0.7600   -1.0000   -1.0000
    0.7650   -1.0000   -1.0000
    0.7700   -1.0000   -1.0000
    0.7750   -1.0000   -1.0000
    0.7800   -1.0000   -1.0000
    0.7850   -1.0000   -1.0000
    0.7900   -1.0000   -1.0000
    0.7950   -1.0000   -1.0000
    0.8000    0.8598    0.8598
    0.8050    0.9004    0.9004
    0.8100    0.8615    0.8615
    0.8150    0.8567    0.8567
    0.8200    0.8539    0.8539
    0.8250    0.8616    0.8616
    0.8300    0.8490    0.8491
    0.8350    0.8583    0.8583
    0.8400    0.8452    0.8452
    0.8450    0.8284    0.8284
    0.8500    0.8205    0.8205
    0.8550    0.8027    0.8027
    0.8600    0.8303    0.8303
    0.8650    0.8328    0.8328
    0.8700    0.8406    0.8406
    0.8750    0.8329    0.8329
    0.8800    0.8193    0.8193
    0.8850    0.8213    0.8213
    0.8900    0.8090    0.8090
    0.8950    0.8018    0.8018
    0.9000    0.8003    0.8003
    0.9050    0.7944    0.7944
    0.9100    0.8064    0.8064
    0.9150    0.7929    0.7929
    0.9200    0.7857    0.7857
    0.9250    0.7900    0.7900
    0.9300    0.7861    0.7861
    0.9350    0.7619    0.7619
    0.9400    0.7988    0.7988
    0.9450    0.7808    0.7808
    0.9500    0.7643    0.7643
    0.9550    0.7784    0.7784
    0.9600    0.7932    0.7933
    0.9650    0.8095    0.8095
    0.9700    0.8186    0.8186
    0.9750    0.8094    0.8094
    0.9800    0.8188    0.8188
    0.9850    0.8042    0.8042
    0.9900    0.8190    0.8190
    0.9950    0.7918    0.7918
    1.0000    0.8321    0.8321
    1.0050    0.8193    0.8193
    1.0100    0.8302    0.8302
    1.0150    0.8381    0.8381
    1.0200    0.8417    0.8417
    1.0250    0.8490    0.8490
    1.0300    0.8185    0.8185
    1.0350    0.8191    0.8191
    1.0400    0.8569    0.8569
    1.0450    0.8417    0.8417
    1.0500    0.8490    0.8490
    1.0550    0.8319    0.8319
    1.0600    0.8455    0.8455
    1.0650    0.8505    0.8505
    1.0700    0.8675    0.8675
    1.0750    0.8546    0.8546
    1.0800    0.8531    0.8531
    1.0850    0.8813    0.8813
    1.0900    0.8572    0.8573
    1.0950    0.8661    0.8661
    1.1000    0.8716    0.8716
    1.1050    0.9051    0.9051
    1.1100    0.8698    0.8698
    1.1150    0.8749    0.8749
    1.1200    0.8509    0.8509
    1.1250    0.9073    0.9073
    1.1300    0.8833    0.8833
    1.1350    0.9408    0.9408
    1.1400    0.9158    0.9158
    1.1450    0.9023    0.9023
    1.1500    0.9037    0.9037
    1.1550    0.9118    0.9118
    1.1600    0.9604    0.9604
    1.1650    0.9494    0.9494
    1.1700    0.9724    0.9724
    1.1750    0.9491    0.9491
    1.1800    0.9521    0.9521
    1.1850    0.9771    0.9771
    1.1900    0.9880    0.9880
    1.1950    0.9700    0.9701
    1.2000    0.9697    0.9697
    1.2050    0.9650    0.9650
    1.2100    0.9727    0.9727
    1.2150    0.9865    0.9865
    1.2200    0.9657    0.9657
    1.2250    0.9841    0.9841
    1.2300    1.0341    1.0341
    1.2350    0.9993    0.9993
    1.2400    0.9730    0.9730
    1.2450    0.9913    0.9913
    1.2500    1.0027    1.0027
    1.2550    1.0113    1.0113
    1.2600    0.9965    0.9965
    1.2650    0.9735    0.9735
    1.2700    1.0088    1.0088
    1.2750    0.9959    0.9959
    1.2800    0.9854    0.9854
    1.2850    1.0063    1.0063
    1.2900    0.9978    0.9978
    1.2950    1.0272    1.0272
    1.3000    1.0000    1.0000
    1.3050    1.0377    1.0377
    1.3100    1.0434    1.0434
    1.3150    1.0153    1.0153
    1.3200    1.0301    1.0301
    1.3250    0.9873    0.9873
    1.3300    1.0226    1.0226
    1.3350    1.0267    1.0267
    1.3400    1.0287    1.0288
    1.3450    0.9987    0.9987
    1.3500   -1.0000   -1.0000
    1.3550   -1.0000   -1.0000
    1.3600   -1.0000   -1.0000
    1.3650   -1.0000   -1.0000
    1.3700    0.9747    0.9753
    1.3750    1.0043    1.0047
    1.3800    1.1169    1.1171
    1.3850   -1.0000   -1.0000
    1.3900    1.0485    1.0487
    1.3950   -1.0000   -1.0000
    1.4000    1.0347    1.0348
    1.4050    1.0598    1.0599
    1.4100    1.0185    1.0185
    1.4150    1.0891    1.0892
    1.4200    1.0971    1.0972
    1.4250    1.1229    1.1229
    1.4300    1.0745    1.0745
    1.4350    1.0702    1.0702
    1.4400    1.1099    1.1099
    1.4450    1.0874    1.0874
    1.4500    1.0705    1.0705
    1.4550    1.1245    1.1245
    1.4600    1.1449    1.1449
    1.4650    1.0733    1.0733
    1.4700    1.0343    1.0343
    1.4750    1.1437    1.1437
    1.4800    1.1136    1.1136
    1.4850    1.1089    1.1089
    1.4900    1.0798    1.0798
    1.4950    1.1445    1.1445
    1.5000    1.1882    1.1882
    1.5050    1.1952    1.1952
    1.5100    1.1444    1.1444
    1.5150    1.1607    1.1607
    1.5200    1.1942    1.1942
    1.5250    1.1294    1.1295
    1.5300    1.1847    1.1848
    1.5350    1.1549    1.1549
    1.5400    1.1493    1.1493
    1.5450    1.1836    1.1836
    1.5500    1.1653    1.1653
    1.5550    1.1734    1.1734
    1.5600    1.1458    1.1458
    1.5650    1.1547    1.1547
    1.5700    1.1998    1.1998
    1.5750    1.2004    1.2004
    1.5800    1.1094    1.1094
    1.5850    1.2140    1.2140
    1.5900    1.1162    1.1162
    1.5950    1.1692    1.1692
    1.6000    1.2164    1.2164
    1.6050    1.1469    1.1469
    1.6100    1.1349    1.1349
    1.6150    1.1314    1.1314
    1.6200    1.1942    1.1942
    1.6250    1.1659    1.1659
    1.6300    1.2403    1.2403
    1.6350    1.1255    1.1255
    1.6400    1.1644    1.1644
    1.6450    1.2014    1.2014
    1.6500    1.1589    1.1589
    1.6550    1.1935    1.1935
    1.6600    1.1660    1.1660
    1.6650    1.1521    1.1521
    1.6700    1.1818    1.1818
    1.6750    1.1149    1.1149
    1.6800    1.1992    1.1992
    1.6850    1.1764    1.1764
    1.6900    1.1788    1.1788
    1.6950    1.1797    1.1797
    1.7000    1.1781    1.1781
    1.7050    1.1700    1.1700
    1.7100    1.1562    1.1562
    1.7150    1.1225    1.1225
    1.7200    1.1435    1.1435
    1.7250    1.2054    1.2055
    1.7300    1.1528    1.1528
    1.7350    1.1264    1.1264
    1.7400    1.2230    1.2230
    1.7450    1.1718    1.1718
    1.7500    1.1230    1.1231
    1.7550    1.1084    1.1084
    1.7600    1.1544    1.1544
    1.7650    1.0757    1.0757
    1.7700    1.1798    1.1798
    1.7750    1.1409    1.1409
    1.7800    1.1173    1.1173
    1.7850    1.1168    1.1168
    1.7900    1.0983    1.0983
    1.7950   -1.0000   -1.0000
    1.8000   -1.0000   -1.0000
    1.8050    1.1288    1.1288
    1.8100    1.0785    1.0785
    1.8150    1.0605    1.0605
    1.8200   -1.0000   -1.0000
    1.8250    1.0509    1.0510
    1.8300   -1.0000   -1.0000
    1.8350   -1.0000   -1.0000
    1.8400   -1.0000   -1.0000
    1.8450   -1.0000   -1.0000
    1.8500   -1.0000   -1.0000
    1.8550   -1.0000   -1.0000
    1.8600   -1.0000   -1.0000
    1.8650   -1.0000   -1.0000
    1.8700   -1.0000   -1.0000
    1.8750   -1.0000   -1.0000
    1.8800   -1.0000   -1.0000
    1.8850   -1.0000   -1.0000
    1.8900   -1.0000   -1.0000
    1.8950   -1.0000   -1.0000
    1.9000   -1.0000   -1.0000
    1.9050   -1.0000   -1.0000
    1.9100   -1.0000   -1.0000
    1.9150   -1.0000   -1.0000
    1.9200   -1.0000   -1.0000
    1.9250   -1.0000   -1.0000
    1.9300   -1.0000   -1.0000
    1.9350   -1.0000   -1.0000
    1.9400   -1.0000   -1.0000
    1.9450   -1.0000   -1.0000
    1.9500   -1.0000   -1.0000
    1.9550   -1.0000   -1.0000
    1.9600   -1.0000   -1.0000
    1.9650   -1.0000   -1.0000
    1.9700   -1.0000   -1.0000
    1.9750   -1.0000   -1.0000
    1.9800    1.1030    1.1030
    1.9850    1.0838    1.0838
    1.9900    1.1128    1.1128
    1.9950    1.0997    1.0997
    2.0000   -1.0000   -1.0000
    2.0050    1.0634    1.0634
    2.0100    1.1275    1.1275
    2.0150    1.1298    1.1298
    2.0200    1.1624    1.1624
    2.0250    1.2306    1.2306
    2.0300    1.2297    1.2297
    2.0350    1.0774    1.0774
    2.0400    1.0507    1.0507
    2.0450    1.0892    1.0892
    2.0500    1.1177    1.1177
    2.0550    1.1906    1.1906
    2.0600    1.1679    1.1679
    2.0650    1.0745    1.0745
    2.0700    1.0943    1.0943
    2.0750    1.1189    1.1189
    2.0800    1.1398    1.1398
    2.0850    1.1619    1.1619
    2.0900    1.1640    1.1640
    2.0950    1.1588    1.1589
    2.1000    1.1203    1.1203
    2.1050    1.1111    1.1111
    2.1100    1.1138    1.1138
    2.1150    1.0794    1.0794
    2.1200    1.0950    1.0951
    2.1250    1.1799    1.1799
    2.1300    1.1424    1.1424
    2.1350    1.1413    1.1413
    2.1400    1.1298    1.1298
    2.1450    1.1241    1.1241
    2.1500    1.1892    1.1892
    2.1550    1.1405    1.1405
    2.1600    1.1141    1.1142
    2.1650    1.2402    1.2402
    2.1700    1.1678    1.1678
    2.1750    1.1231    1.1232
    2.1800    1.1561    1.1561
    2.1850    1.0692    1.0692
    2.1900    1.1432    1.1432
    2.1950    1.0465    1.0466
    2.2000    1.1567    1.1568
    2.2050    1.0553    1.0553
    2.2100    1.1724    1.1724
    2.2150    1.1555    1.1555
    2.2200    1.1743    1.1743
    2.2250    1.1188    1.1188
    2.2300    1.0888    1.0888
    2.2350    1.1109    1.1110
    2.2400    1.1970    1.1970
    2.2450    1.1679    1.1680
    2.2500    1.1270    1.1270
    2.2550    1.1650    1.1650
    2.2600    1.0381    1.0381
    2.2650    1.1163    1.1163
    2.2700    1.0830    1.0830
    2.2750    1.1367    1.1367
    2.2800    1.1821    1.1821
    2.2850    1.2292    1.2292
    2.2900    1.1712    1.1712
    2.2950    1.2101    1.2101
    2.3000    1.1143    1.1143
    2.3050    1.2345    1.2345
    2.3100    1.1871    1.1871
    2.3150    1.2352    1.2352
    2.3200    1.1801    1.1801
    2.3250    1.0513    1.0514
    2.3300    1.0575    1.0575
    2.3350    1.1454    1.1455
    2.3400    1.0678    1.0678
    2.3450    1.1799    1.1799
    2.3500    1.2460    1.2460
    2.3550    1.2158    1.2158
    2.3600    1.2262    1.2262
    2.3650    1.3168    1.3168
    2.3700    1.1525    1.1525
    2.3750    1.1198    1.1198
    2.3800    1.1836    1.1837
    2.3850    1.1660    1.1660
    2.3900    1.2515    1.2515
    2.3950    1.3263    1.3263
    2.4000    1.0231    1.0231
    2.4050    1.3113    1.3114
    2.4100    1.4241    1.4242
    2.4150    1.3185    1.3185
    2.4200    1.3895    1.3896
    2.4250    1.2476    1.2477
    2.4300    1.1159    1.1160
    2.4350    1.4292    1.4292
    2.4400    1.0636    1.0636
    2.4450    1.3383    1.3383
    2.4500   -1.0000   -1.0000
    2.4550    1.4811    1.4812
    2.4600    1.2344    1.2344
    2.4650   -1.0000   -1.0000
    2.4700    1.2342    1.2342
    2.4750    1.0084    1.0084
    2.4800   -1.0000   -1.0000
    2.4850   -1.0000   -1.0000
    2.4900   -1.0000   -1.0000
