    0.6500   -1.0000   -1.0000
    0.6550   -1.0000   -1.0000
    0.6600   -1.0000   -1.0000
    0.6650   -1.0000   -1.0000
    0.6700   -1.0000   -1.0000
    0.6750   -1.0000   -1.0000
    0.6800   -1.0000   -1.0000
    0.6850   -1.0000   -1.0000
    0.6900   -1.0000   -1.0000
    0.6950   -1.0000   -1.0000
    0.7000   -1.0000   -1.0000
    0.7050   -1.0000   -1.0000
    0.7100   -1.0000   -1.0000
    0.7150   -1.0000   -1.0000
    0.7200   -1.0000   -1.0000
    0.7250   -1.0000   -1.0000
    0.7300   -1.0000   -1.0000
    0.7350   -1.0000   -1.0000
    0.7400   -1.0000   -1.0000
    0.7450   -1.0000   -1.0000
    0.7500   -1.0000   -1.0000
    0.7550   -1.0000   -1.0000
    0.7600   -1.0000   -1.0000
    0.7650   -1.0000   -1.0000
    0.7700   -1.0000   -1.0000
    0.7750   -1.0000   -1.0000
    0.7800   -1.0000   -1.0000
    0.7850    1.0710    1.0710
    0.7900    1.0607    1.0607
    0.7950    1.0086    1.0086
    0.8000    1.0583    1.0583
    0.8050    0.9525    0.9525
    0.8100    1.0219    1.0219
    0.8150    1.0132    1.0132
    0.8200    1.0237    1.0237
    0.8250    1.0352    1.0352
    0.8300    0.9787    0.9787
    0.8350    1.0067    1.0067
    0.8400    1.0204    1.0204
    0.8450    1.0064    1.0064
    0.8500    1.0248    1.0248
    0.8550    0.9924    0.9924
    0.8600    0.9950    0.9950
    0.8650    0.9659    0.9659
    0.8700    0.9889    0.9890
    0.8750    0.9998    0.9998
    0.8800    1.0290    1.0290
    0.8850    1.0445    1.0445
    0.8900    1.0055    1.0055
    0.8950    1.0024    1.0024
    0.9000    1.0437    1.0437
    0.9050    1.0125    1.0125
    0.9100    1.0064    1.0064
    0.9150    1.0074    1.0074
    0.9200    0.9979    0.9979
    0.9250    1.0368    1.0368
    0.9300    0.9884    0.9884
    0.9350    0.9814    0.9814
    0.9400    1.0164    1.0164
    0.9450    1.0578    1.0579
    0.9500    1.0668    1.0668
    0.9550    1.0403    1.0403
    0.9600    1.0022    1.0022
    0.9650    1.0440    1.0440
    0.9700    1.0768    1.0768
    0.9750    1.0681    1.0682
    0.9800    1.0292    1.0292
    0.9850    1.0674    1.0674
    0.9900    0.9966    0.9966
    0.9950    1.0084    1.0084
    1.0000    1.0181    1.0181
    1.0050    0.9658    0.9658
    1.0100    1.0055    1.0055
    1.0150    1.0206    1.0206
    1.0200    1.0450    1.0450
    1.0250    1.0299    1.0299
    1.0300    1.0134    1.0134
    1.0350    0.9987    0.9987
    1.0400    1.0288    1.0288
    1.0450    1.0088    1.0088
    1.0500    1.0242    1.0242
    1.0550    1.0398    1.0398
    1.0600    1.0193    1.0193
    1.0650    1.0455    1.0455
    1.0700    1.0026    1.0026
    1.0750    1.0069    1.0069
    1.0800    1.0306    1.0306
    1.0850    1.0290    1.0290
    1.0900    1.0145    1.0145
    1.0950    0.9917    0.9917
    1.1000    0.9906    0.9906
    1.1050    0.9891    0.9891
    1.1100    1.0511    1.0511
    1.1150    1.0387    1.0387
    1.1200    1.0223    1.0223
    1.1250    1.0050    1.0050
    1.1300    1.0330    1.0330
    1.1350    1.1377    1.1377
    1.1400    1.0791    1.0791
    1.1450    0.9612    0.9612
    1.1500    1.0830    1.0830
    1.1550    1.0635    1.0635
    1.1600    1.0384    1.0384
    1.1650    1.0599    1.0599
    1.1700    1.0810    1.0810
    1.1750    1.0191    1.0191
    1.1800    0.9965    0.9965
    1.1850    0.9700    0.9700
    1.1900    1.0165    1.0165
    1.1950    1.0568    1.0568
    1.2000    1.0555    1.0555
    1.2050    1.0446    1.0446
    1.2100    1.0086    1.0086
    1.2150    1.0455    1.0455
    1.2200    1.0542    1.0542
    1.2250    1.0137    1.0137
    1.2300    1.0006    1.0006
    1.2350    1.0234    1.0234
    1.2400    1.0089    1.0089
    1.2450    1.0129    1.0129
    1.2500    1.0416    1.0416
    1.2550    1.0190    1.0190
    1.2600    1.1000    1.1000
    1.2650    1.0557    1.0557
    1.2700    1.0699    1.0699
    1.2750    1.0192    1.0192
    1.2800    1.0673    1.0673
    1.2850    1.0741    1.0742
    1.2900    1.0702    1.0702
    1.2950    1.0406    1.0406
    1.3000    1.0000    1.0000
    1.3050    1.0478    1.0478
    1.3100    1.0597    1.0597
    1.3150    1.0530    1.0530
    1.3200    1.0542    1.0542
    1.3250    1.0267    1.0267
    1.3300    1.0612    1.0612
    1.3350    1.0785    1.0785
    1.3400   -1.0000   -1.0000
    1.3450    1.0792    1.0792
    1.3500    1.0779    1.0779
    1.3550    1.0766    1.0767
    1.3600   -1.0000   -1.0000
    1.3650   -1.0000   -1.0000
    1.3700   -1.0000   -1.0000
    1.3750   -1.0000   -1.0000
    1.3800   -1.0000   -1.0000
    1.3850   -1.0000   -1.0000
    1.3900   -1.0000   -1.0000
    1.3950   -1.0000   -1.0000
    1.4000   -1.0000   -1.0000
    1.4050    1.2642    1.2643
    1.4100    1.0871    1.0871
    1.4150    1.0625    1.0625
    1.4200    1.2078    1.2078
    1.4250    1.1218    1.1218
    1.4300    1.1072    1.1072
    1.4350   -1.0000   -1.0000
    1.4400    1.1127    1.1127
    1.4450    1.2645    1.2645
    1.4500    1.1751    1.1751
    1.4550    1.0913    1.0913
    1.4600    1.0502    1.0502
    1.4650    1.0790    1.0790
    1.4700    1.0275    1.0275
    1.4750    1.0454    1.0454
    1.4800    1.1271    1.1271
    1.4850    1.0446    1.0446
    1.4900    1.1845    1.1845
    1.4950    1.1271    1.1271
    1.5000    1.0516    1.0516
    1.5050    1.0748    1.0748
    1.5100    1.0669    1.0669
    1.5150    1.0370    1.0370
    1.5200    1.1071    1.1071
    1.5250    1.0131    1.0131
    1.5300    1.1209    1.1209
    1.5350    1.1103    1.1103
    1.5400    1.0718    1.0718
    1.5450    1.0675    1.0675
    1.5500    1.0242    1.0242
    1.5550    1.0520    1.0520
    1.5600    0.9646    0.9646
    1.5650    1.0217    1.0217
    1.5700    1.0719    1.0719
    1.5750    1.1262    1.1262
    1.5800    1.0234    1.0234
    1.5850    1.1073    1.1073
    1.5900    1.1850    1.1850
    1.5950    1.0158    1.0158
    1.6000    1.1605    1.1605
    1.6050    1.0620    1.0620
    1.6100    1.0984    1.0984
    1.6150    1.1194    1.1194
    1.6200    1.0371    1.0371
    1.6250    1.0960    1.0960
    1.6300    1.1908    1.1908
    1.6350    1.0349    1.0349
    1.6400    1.0921    1.0921
    1.6450    1.1854    1.1854
    1.6500    1.0718    1.0718
    1.6550    1.0940    1.0940
    1.6600    1.0899    1.0899
    1.6650    1.0681    1.0681
    1.6700    1.1263    1.1263
    1.6750    1.0319    1.0320
    1.6800    0.9885    0.9885
    1.6850    1.0794    1.0794
    1.6900    1.1309    1.1309
    1.6950    1.1363    1.1363
    1.7000    1.1013    1.1013
    1.7050    1.1124    1.1124
    1.7100    1.0316    1.0316
    1.7150    1.1009    1.1009
    1.7200    1.2149    1.2149
    1.7250    1.1564    1.1564
    1.7300    1.1581    1.1581
    1.7350    1.1242    1.1242
    1.7400    1.1581    1.1581
    1.7450    1.2485    1.2485
    1.7500    1.1391    1.1391
    1.7550    1.1448    1.1448
    1.7600    1.1732    1.1732
    1.7650    1.0928    1.0928
    1.7700    1.0761    1.0761
    1.7750    1.1667    1.1667
    1.7800    1.2143    1.2143
    1.7850    1.1827    1.1827
    1.7900    1.1763    1.1763
    1.7950    1.2891    1.2891
    1.8000    1.2622    1.2622
    1.8050    1.2375    1.2376
    1.8100    1.2203    1.2203
    1.8150   -1.0000   -1.0000
    1.8200   -1.0000   -1.0000
    1.8250   -1.0000   -1.0000
    1.8300   -1.0000   -1.0000
    1.8350   -1.0000   -1.0000
    1.8400   -1.0000   -1.0000
    1.8450   -1.0000   -1.0000
    1.8500   -1.0000   -1.0000
    1.8550   -1.0000   -1.0000
    1.8600   -1.0000   -1.0000
    1.8650   -1.0000   -1.0000
    1.8700   -1.0000   -1.0000
    1.8750   -1.0000   -1.0000
    1.8800   -1.0000   -1.0000
    1.8850   -1.0000   -1.0000
    1.8900   -1.0000   -1.0000
    1.8950   -1.0000   -1.0000
    1.9000   -1.0000   -1.0000
    1.9050   -1.0000   -1.0000
    1.9100   -1.0000   -1.0000
    1.9150   -1.0000   -1.0000
    1.9200   -1.0000   -1.0000
    1.9250   -1.0000   -1.0000
    1.9300   -1.0000   -1.0000
    1.9350   -1.0000   -1.0000
    1.9400   -1.0000   -1.0000
    1.9450   -1.0000   -1.0000
    1.9500   -1.0000   -1.0000
    1.9550   -1.0000   -1.0000
    1.9600    1.2908    1.2908
    1.9650    1.2401    1.2401
    1.9700    1.0902    1.0902
    1.9750    0.9832    0.9832
    1.9800    1.2724    1.2724
    1.9850    1.0711    1.0712
    1.9900    1.1477    1.1477
    1.9950    1.0467    1.0467
    2.0000    0.9730    0.9730
    2.0050    1.3108    1.3108
    2.0100    1.0334    1.0335
    2.0150    1.3622    1.3622
    2.0200    1.2397    1.2397
    2.0250    1.1493    1.1493
    2.0300    1.1153    1.1153
    2.0350    1.2287    1.2287
    2.0400    0.9942    0.9942
    2.0450    1.1353    1.1354
    2.0500    1.2538    1.2538
    2.0550    1.1358    1.1358
    2.0600    0.9757    0.9757
    2.0650    1.0397    1.0397
    2.0700    1.2269    1.2269
    2.0750    1.0825    1.0825
    2.0800    1.1168    1.1168
    2.0850    1.1037    1.1037
    2.0900    1.0693    1.0693
    2.0950    1.1669    1.1669
    2.1000    1.0684    1.0684
    2.1050    1.0393    1.0393
    2.1100    1.1088    1.1088
    2.1150    1.1719    1.1719
    2.1200    1.0992    1.0992
    2.1250    1.1091    1.1091
    2.1300    1.1972    1.1972
    2.1350    1.1326    1.1326
    2.1400    1.1145    1.1145
    2.1450    1.0961    1.0962
    2.1500    1.1829    1.1830
    2.1550    1.1368    1.1368
    2.1600    1.1534    1.1534
    2.1650    1.1687    1.1687
    2.1700    1.2267    1.2268
    2.1750    1.1919    1.1919
    2.1800    1.3476    1.3476
    2.1850    1.1635    1.1635
    2.1900    1.1572    1.1572
    2.1950    1.2961    1.2961
    2.2000    1.1815    1.1815
    2.2050    1.1828    1.1828
    2.2100    1.1175    1.1175
    2.2150    1.0272    1.0272
    2.2200    1.3126    1.3126
    2.2250    1.1656    1.1656
    2.2300    1.0554    1.0554
    2.2350    1.2229    1.2229
    2.2400    1.2521    1.2521
    2.2450    1.2607    1.2607
    2.2500    1.2295    1.2295
    2.2550    1.1931    1.1931
    2.2600    1.1419    1.1419
    2.2650    1.2537    1.2537
    2.2700    1.1675    1.1675
    2.2750    1.1713    1.1713
    2.2800    1.1408    1.1408
    2.2850    1.0657    1.0657
    2.2900    1.2347    1.2347
    2.2950    1.2515    1.2516
    2.3000    1.2901    1.2901
    2.3050    1.2004    1.2004
    2.3100    1.3616    1.3616
    2.3150    1.1542    1.1542
    2.3200    1.2073    1.2073
    2.3250    1.2030    1.2030
    2.3300    1.2283    1.2284
    2.3350    1.2324    1.2324
    2.3400    1.1113    1.1113
    2.3450    0.9373    0.9373
    2.3500    1.2974    1.2975
    2.3550    1.1710    1.1710
    2.3600    1.1146    1.1146
    2.3650    1.1039    1.1039
    2.3700    1.3648    1.3649
    2.3750    1.4889    1.4889
    2.3800    1.3251    1.3251
    2.3850    1.2704    1.2704
    2.3900    1.4947    1.4947
    2.3950    1.0355    1.0355
    2.4000    1.3760    1.3761
    2.4050    1.4000    1.4001
    2.4100    0.7944    0.7944
    2.4150    1.6959    1.6960
    2.4200    1.4486    1.4487
    2.4250   -1.0000   -1.0000
    2.4300   -1.0000   -1.0000
    2.4350    1.1376    1.1376
    2.4400    1.3575    1.3576
    2.4450   -1.0000   -1.0000
    2.4500   -1.0000   -1.0000
    2.4550   -1.0000   -1.0000
    2.4600   -1.0000   -1.0000
    2.4650   -1.0000   -1.0000
    2.4700   -1.0000   -1.0000
    2.4750   -1.0000   -1.0000
    2.4800   -1.0000   -1.0000
    2.4850   -1.0000   -1.0000
    2.4900   -1.0000   -1.0000
