     0.6500    -1.0000    -1.0000         0
     0.6550    -1.0000    -1.0000         0
     0.6600    -1.0000    -1.0000         0
     0.6650    -1.0000    -1.0000         0
     0.6700    -1.0000    -1.0000         0
     0.6750    -1.0000    -1.0000         0
     0.6800    -1.0000    -1.0000         0
     0.6850    -1.0000    -1.0000         0
     0.6900    -1.0000    -1.0000         0
     0.6950    -1.0000    -1.0000         0
     0.7000    -1.0000    -1.0000         0
     0.7050    -1.0000    -1.0000         0
     0.7100    -1.0000    -1.0000         0
     0.7150    -1.0000    -1.0000         0
     0.7200    -1.0000    -1.0000         0
     0.7250    -1.0000    -1.0000         0
     0.7300    -1.0000    -1.0000         0
     0.7350    -1.0000    -1.0000         0
     0.7400    -1.0000    -1.0000         0
     0.7450    -1.0000    -1.0000         0
     0.7500    -1.0000    -1.0000         0
     0.7550    -1.0000    -1.0000         0
     0.7600    -1.0000    -1.0000         0
     0.7650    -1.0000    -1.0000         0
     0.7700    -1.0000    -1.0000         0
     0.7750    -1.0000    -1.0000         0
     0.7800    -1.0000    -1.0000         0
     0.7850    -1.0000    -1.0000         0
     0.7900    -1.0000    -1.0000         0
     0.7950    -1.0000    -1.0000         0
     0.8000     0.9170     0.0193         2
     0.8050     0.9385     0.0174         2
     0.8100     0.9369     0.0161         2
     0.8150     0.9370     0.0148         2
     0.8200     0.9182     0.0150         2
     0.8250     0.9086     0.0143         2
     0.8300     0.9311     0.0154         2
     0.8350     0.9138     0.0138         2
     0.8400     0.9177     0.0137         2
     0.8450     0.9368     0.0155         2
     0.8500     0.9072     0.0147         2
     0.8550     0.8943     0.0158         2
     0.8600     0.9091     0.0150         2
     0.8650     0.9132     0.0152         2
     0.8700     0.9158     0.0141         2
     0.8750     0.9135     0.0153         2
     0.8800     0.9174     0.0137         2
     0.8850     0.9298     0.0136         2
     0.8900     0.9158     0.0137         2
     0.8950     0.9166     0.0127         2
     0.9000     0.9126     0.0116         2
     0.9050     0.9231     0.0123         2
     0.9100     0.9302     0.0117         2
     0.9150     0.9016     0.0117         2
     0.9200     0.9060     0.0113         2
     0.9250     0.9088     0.0114         2
     0.9300     0.9101     0.0121         2
     0.9350     0.9033     0.0127         2
     0.9400     0.9095     0.0126         2
     0.9450     0.9284     0.0136         2
     0.9500     0.8955     0.0125         2
     0.9550     0.9270     0.0120         2
     0.9600     0.9330     0.0114         2
     0.9650     0.9196     0.0120         2
     0.9700     0.9322     0.0116         2
     0.9750     0.9174     0.0105         2
     0.9800     0.9242     0.0112         2
     0.9850     0.9236     0.0114         2
     0.9900     0.9130     0.0108         2
     0.9950     0.9196     0.0113         2
     1.0000     0.9172     0.0102         2
     1.0050     0.9207     0.0112         2
     1.0100     0.9179     0.0109         2
     1.0150     0.9210     0.0113         2
     1.0200     0.9381     0.0104         2
     1.0250     0.9318     0.0106         2
     1.0300     0.9540     0.0114         2
     1.0350     0.9362     0.0104         2
     1.0400     0.9285     0.0104         2
     1.0450     0.9437     0.0103         2
     1.0500     0.9404     0.0107         2
     1.0550     0.9236     0.0108         2
     1.0600     0.9317     0.0102         2
     1.0650     0.9481     0.0104         2
     1.0700     0.9527     0.0108         2
     1.0750     0.9439     0.0117         2
     1.0800     0.9608     0.0106         2
     1.0850     0.9567     0.0107         2
     1.0900     0.9539     0.0111         2
     1.0950     0.9498     0.0108         2
     1.1000     0.9490     0.0114         2
     1.1050     0.9666     0.0107         2
     1.1100     0.9815     0.0111         2
     1.1150     0.9726     0.0113         2
     1.1200     0.9719     0.0120         2
     1.1250     0.9749     0.0132         2
     1.1300     0.9712     0.0129         2
     1.1350     0.9833     0.0136         2
     1.1400     0.9831     0.0134         2
     1.1450     0.9939     0.0147         2
     1.1500     0.9789     0.0133         2
     1.1550    -1.0000    -1.0000         0
     1.1600     0.9837     0.0126         2
     1.1650     1.0026     0.0124         2
     1.1700     0.9756     0.0120         2
     1.1750     0.9840     0.0112         2
     1.1800     0.9957     0.0113         2
     1.1850     0.9886     0.0118         2
     1.1900     0.9881     0.0125         2
     1.1950     0.9848     0.0118         2
     1.2000     1.0009     0.0127         2
     1.2050    -1.0000    -1.0000         0
     1.2100     1.0200     0.0121         2
     1.2150     1.0218     0.0129         2
     1.2200     1.0087     0.0123         2
     1.2250     1.0003     0.0114         2
     1.2300     1.0046     0.0138         2
     1.2350     1.0148     0.0130         2
     1.2400     1.0169     0.0128         2
     1.2450     1.0094     0.0122         2
     1.2500     1.0184     0.0127         2
     1.2550     1.0197     0.0120         2
     1.2600     0.9926     0.0117         2
     1.2650     1.0251     0.0145         2
     1.2700     1.0049     0.0137         2
     1.2750     1.0086     0.0124         2
     1.2800    -1.0000    -1.0000         0
     1.2850     1.0079     0.0118         2
     1.2900     1.0340     0.0120         2
     1.2950     1.0181     0.0115         2
     1.3000    -1.0000    -1.0000         0
     1.3050     1.0198     0.0145         1
     1.3100     1.0157     0.0122         2
     1.3150     1.0290     0.0137         2
     1.3200     1.0192     0.0137         2
     1.3250     1.0402     0.0146         2
     1.3300     1.0207     0.0134         2
     1.3350     1.0279     0.0135         2
     1.3400     1.0386     0.0139         2
     1.3450     1.0361     0.0162         2
     1.3500     1.0456     0.0199         2
     1.3550     1.0178     0.0286         1
     1.3600     1.0468     0.0314         2
     1.3650     1.0280     0.0341         2
     1.3700     1.0499     0.0435         1
     1.3750     1.0685     0.0343         2
     1.3800     1.0519     0.0288         2
     1.3850     1.0727     0.0276         2
     1.3900     1.0263     0.0282         2
     1.3950     1.0353     0.0263         2
     1.4000     1.0347     0.0241         1
     1.4050     1.0176     0.0208         1
     1.4100     1.0336     0.0229         1
     1.4150     1.0747     0.0206         1
     1.4200     1.0523     0.0182         2
     1.4250     1.0716     0.0177         2
     1.4300     1.0401     0.0174         2
     1.4350     1.0477     0.0171         2
     1.4400     1.0822     0.0189         2
     1.4450     1.0339     0.0174         2
     1.4500     1.0545     0.0147         2
     1.4550     1.1069     0.0153         2
     1.4600     1.1065     0.0153         2
     1.4650     1.0900     0.0151         1
     1.4700     1.0487     0.0164         1
     1.4750     1.0672     0.0145         2
     1.4800     1.0749     0.0142         2
     1.4850     1.0894     0.0154         2
     1.4900     1.1110     0.0151         2
     1.4950     1.0822     0.0142         2
     1.5000     1.0782     0.0138         2
     1.5050     1.0975     0.0132         2
     1.5100     1.1127     0.0159         2
     1.5150     1.1232     0.0169         2
     1.5200     1.0850     0.0142         2
     1.5250     1.1078     0.0136         2
     1.5300     1.0838     0.0146         2
     1.5350     1.1116     0.0139         2
     1.5400     1.0829     0.0128         2
     1.5450     1.0579     0.0148         2
     1.5500     1.0914     0.0148         2
     1.5550     1.1062     0.0139         2
     1.5600     1.0744     0.0139         2
     1.5650     1.0488     0.0139         2
     1.5700     1.0849     0.0138         2
     1.5750     1.0940     0.0147         2
     1.5800     1.0875     0.0135         2
     1.5850     1.0710     0.0133         2
     1.5900     1.1181     0.0141         2
     1.5950     1.1653     0.0145         2
     1.6000     1.0908     0.0148         2
     1.6050     1.0876     0.0152         2
     1.6100     1.1046     0.0140         2
     1.6150     1.1151     0.0146         2
     1.6200     1.1101     0.0145         2
     1.6250     1.1896     0.0163         2
     1.6300     1.1634     0.0153         2
     1.6350     1.1163     0.0153         2
     1.6400     1.1108     0.0153         2
     1.6450     1.1314     0.0159         2
     1.6500     1.1050     0.0144         2
     1.6550     1.0574     0.0153         2
     1.6600     1.0443     0.0151         2
     1.6650     1.1164     0.0151         2
     1.6700     1.1104     0.0150         2
     1.6750     1.1354     0.0154         2
     1.6800     1.1717     0.0151         2
     1.6850     1.1460     0.0147         2
     1.6900     1.0894     0.0155         2
     1.6950     1.1140     0.0151         2
     1.7000     1.1183     0.0170         2
     1.7050     1.1367     0.0164         2
     1.7100     1.1395     0.0176         2
     1.7150     1.1371     0.0154         2
     1.7200     1.1116     0.0152         2
     1.7250     1.1219     0.0188         2
     1.7300     1.1056     0.0162         2
     1.7350     1.1173     0.0166         2
     1.7400     1.1442     0.0165         2
     1.7450     1.1246     0.0173         2
     1.7500     1.1178     0.0177         2
     1.7550     1.1028     0.0175         2
     1.7600     1.0862     0.0166         2
     1.7650     1.1061     0.0164         2
     1.7700     1.1020     0.0162         2
     1.7750     1.1014     0.0176         2
     1.7800     1.1231     0.0168         2
     1.7850     1.1097     0.0182         2
     1.7900     1.1403     0.0185         2
     1.7950     1.1268     0.0198         2
     1.8000     1.1682     0.0212         2
     1.8050     1.1309     0.0235         2
     1.8100     1.1735     0.0256         2
     1.8150    -1.0000    -1.0000         0
     1.8200     1.1753     0.0292         2
     1.8250     1.1867     0.0341         2
     1.8300    -1.0000    -1.0000         0
     1.8350    -1.0000    -1.0000         0
     1.8400     1.1826     0.0566         2
     1.8450     1.0540     0.0634         2
     1.8500     1.0416     0.0600         2
     1.8550     1.0718     0.0539         2
     1.8600     1.0345     0.0525         2
     1.8650     1.0953     0.0616         2
     1.8700     1.1784     0.0693         2
     1.8750     1.0529     0.0624         2
     1.8800     1.0084     0.0520         2
     1.8850     1.0108     0.0402         2
     1.8900     1.1388     0.0411         2
     1.8950     1.1944     0.0479         2
     1.9000     1.1206     0.0514         2
     1.9050     1.0437     0.0510         2
     1.9100     1.0529     0.0495         2
     1.9150     1.0302     0.0455         2
     1.9200     1.0453     0.0436         2
     1.9250     1.1859     0.0441         2
     1.9300     1.1946     0.0369         2
     1.9350     1.1879     0.0350         2
     1.9400     1.1438     0.0341         2
     1.9450     1.1512     0.0321         2
     1.9500     1.1293     0.0316         2
     1.9550     1.1243     0.0322         2
     1.9600    -1.0000    -1.0000         0
     1.9650     1.1580     0.0283         2
     1.9700     1.0984     0.0260         2
     1.9750     1.1123     0.0249         2
     1.9800     1.0865     0.0239         2
     1.9850     1.0331     0.0230         2
     1.9900     1.1185     0.0236         2
     1.9950     1.2270     0.0259         2
     2.0000     1.2216     0.0300         2
     2.0050     1.2277     0.0360         2
     2.0100    -1.0000    -1.0000         0
     2.0150     1.1705     0.0350         2
     2.0200     1.0394     0.0299         2
     2.0250     1.1403     0.0311         2
     2.0300     1.1535     0.0248         2
     2.0350     1.1401     0.0227         2
     2.0400     1.1909     0.0238         2
     2.0450     1.2147     0.0238         2
     2.0500     1.1973     0.0248         2
     2.0550     1.1777     0.0265         2
     2.0600     1.0695     0.0248         2
     2.0650     1.1321     0.0277         2
     2.0700     1.1873     0.0282         2
     2.0750     1.1083     0.0244         2
     2.0800     1.0808     0.0251         2
     2.0850     1.1146     0.0261         2
     2.0900     1.1558     0.0238         2
     2.0950     1.1168     0.0230         2
     2.1000     1.0887     0.0227         2
     2.1050     1.1763     0.0260         2
     2.1100     1.2244     0.0255         2
     2.1150     1.1770     0.0249         2
     2.1200     1.1264     0.0241         2
     2.1250     1.1389     0.0243         2
     2.1300     1.1355     0.0241         2
     2.1350     1.1436     0.0245         2
     2.1400     1.1401     0.0253         2
     2.1450     1.0959     0.0258         2
     2.1500     1.0680     0.0255         2
     2.1550     1.0808     0.0259         2
     2.1600     1.1268     0.0250         2
     2.1650     1.1775     0.0268         2
     2.1700     1.1391     0.0261         2
     2.1750     1.1722     0.0273         2
     2.1800     1.1365     0.0268         2
     2.1850     1.1448     0.0271         2
     2.1900     1.1485     0.0262         2
     2.1950     1.1990     0.0302         2
     2.2000     1.1680     0.0303         2
     2.2050     1.1235     0.0286         2
     2.2100     1.1548     0.0295         2
     2.2150     1.1434     0.0318         2
     2.2200     1.1755     0.0309         2
     2.2250     1.1378     0.0299         2
     2.2300     1.1018     0.0281         2
     2.2350     1.1547     0.0304         2
     2.2400     1.2219     0.0313         2
     2.2450     1.1699     0.0294         2
     2.2500     1.1607     0.0307         2
     2.2550     1.2136     0.0330         2
     2.2600     1.2086     0.0344         2
     2.2650     1.1847     0.0348         2
     2.2700     1.1638     0.0314         2
     2.2750     1.2284     0.0311         2
     2.2800     1.2092     0.0313         2
     2.2850     1.1660     0.0329         2
     2.2900    -1.0000    -1.0000         0
     2.2950     1.1415     0.0335         2
     2.3000     1.2795     0.0341         2
     2.3050     1.1648     0.0336         2
     2.3100     1.1704     0.0373         2
     2.3150     1.1467     0.0346         2
     2.3200     1.1370     0.0348         2
     2.3250     1.1815     0.0330         2
     2.3300     1.1697     0.0320         2
     2.3350     1.1780     0.0374         2
     2.3400     1.1510     0.0336         2
     2.3450     1.1532     0.0354         2
     2.3500     1.1782     0.0385         2
     2.3550    -1.0000    -1.0000         0
     2.3600     1.2907     0.0417         2
     2.3650     1.1904     0.0375         2
     2.3700    -1.0000    -1.0000         0
     2.3750     1.2108     0.0408         2
     2.3800     1.3285     0.0414         2
     2.3850     1.2797     0.0395         2
     2.3900     1.2881     0.0385         2
     2.3950     1.2451     0.0378         2
     2.4000    -1.0000    -1.0000         0
     2.4050    -1.0000    -1.0000         0
     2.4100     1.2780     0.0450         2
     2.4150    -1.0000    -1.0000         0
     2.4200    -1.0000    -1.0000         0
     2.4250     1.2290     0.0390         2
     2.4300     1.2148     0.0397         2
     2.4350     1.3333     0.0445         2
     2.4400    -1.0000    -1.0000         0
     2.4450     1.1330     0.0531         1
     2.4500    -1.0000    -1.0000         0
     2.4550     1.2810     0.0454         2
     2.4600    -1.0000    -1.0000         0
     2.4650    -1.0000    -1.0000         0
     2.4700     1.1302     0.0431         2
     2.4750    -1.0000    -1.0000         0
     2.4800    -1.0000    -1.0000         0
     2.4850    -1.0000    -1.0000         0
     2.4900    -1.0000    -1.0000         0
