     0.6500    -1.0000    -1.0000         0
     0.6550    -1.0000    -1.0000         0
     0.6600    -1.0000    -1.0000         0
     0.6650    -1.0000    -1.0000         0
     0.6700    -1.0000    -1.0000         0
     0.6750    -1.0000    -1.0000         0
     0.6800    -1.0000    -1.0000         0
     0.6850    -1.0000    -1.0000         0
     0.6900    -1.0000    -1.0000         0
     0.6950    -1.0000    -1.0000         0
     0.7000    -1.0000    -1.0000         0
     0.7050    -1.0000    -1.0000         0
     0.7100    -1.0000    -1.0000         0
     0.7150    -1.0000    -1.0000         0
     0.7200    -1.0000    -1.0000         0
     0.7250    -1.0000    -1.0000         0
     0.7300    -1.0000    -1.0000         0
     0.7350    -1.0000    -1.0000         0
     0.7400    -1.0000    -1.0000         0
     0.7450    -1.0000    -1.0000         0
     0.7500    -1.0000    -1.0000         0
     0.7550     1.0053     0.2315         2
     0.7600     1.0306     0.1885         2
     0.7650     0.9652     0.1376         2
     0.7700     1.0878     0.1051         2
     0.7750     1.0214     0.0791         2
     0.7800     1.0131     0.0579         2
     0.7850     0.9547     0.0518         2
     0.7900     0.9772     0.0430         2
     0.7950     0.9475     0.0393         2
     0.8000     0.9030     0.0372         2
     0.8050     0.9088     0.0338         2
     0.8100     0.9060     0.0316         2
     0.8150     0.9093     0.0338         2
     0.8200     0.8310     0.0300         2
     0.8250     0.8709     0.0290         2
     0.8300     0.8851     0.0283         2
     0.8350     0.8905     0.0285         2
     0.8400     0.9007     0.0284         2
     0.8450     0.8851     0.0285         2
     0.8500     0.8563     0.0277         2
     0.8550     0.8677     0.0287         2
     0.8600     0.8722     0.0280         2
     0.8650     0.8688     0.0276         2
     0.8700     0.8611     0.0294         2
     0.8750     0.8503     0.0277         2
     0.8800     0.8600     0.0258         2
     0.8850     0.8732     0.0265         2
     0.8900     0.8358     0.0266         2
     0.8950     0.8259     0.0253         2
     0.9000     0.8297     0.0252         2
     0.9050     0.8334     0.0237         2
     0.9100     0.8267     0.0254         2
     0.9150     0.8234     0.0255         2
     0.9200     0.8610     0.0226         2
     0.9250     0.8669     0.0229         2
     0.9300     0.8512     0.0230         2
     0.9350     0.8112     0.0259         2
     0.9400     0.8227     0.0255         2
     0.9450     0.8427     0.0226         2
     0.9500     0.8082     0.0241         2
     0.9550     0.8400     0.0235         2
     0.9600     0.8673     0.0226         2
     0.9650     0.8258     0.0231         2
     0.9700     0.8084     0.0207         2
     0.9750     0.8276     0.0203         2
     0.9800     0.8573     0.0214         2
     0.9850     0.8913     0.0225         2
     0.9900     0.8788     0.0216         2
     0.9950     0.8670     0.0219         2
     1.0000     0.8661     0.0209         2
     1.0050     0.8781     0.0225         2
     1.0100     0.8768     0.0224         2
     1.0150     0.8552     0.0206         2
     1.0200     0.8758     0.0216         2
     1.0250     0.8457     0.0208         2
     1.0300     0.8231     0.0211         2
     1.0350     0.8631     0.0201         2
     1.0400     0.8728     0.0206         2
     1.0450     0.8919     0.0208         2
     1.0500     0.9237     0.0215         2
     1.0550     0.9335     0.0228         2
     1.0600     0.9215     0.0237         2
     1.0650     0.8658     0.0218         2
     1.0700     0.8965     0.0235         2
     1.0750     0.9761     0.0227         2
     1.0800     0.9915     0.0227         2
     1.0850     0.9678     0.0232         2
     1.0900     0.9289     0.0242         2
     1.0950     0.9518     0.0255         2
     1.1000     0.9556     0.0229         2
     1.1050     0.9903     0.0244         2
     1.1100     0.9962     0.0239         2
     1.1150     0.9677     0.0248         2
     1.1200     0.9569     0.0244         2
     1.1250     0.9400     0.0265         2
     1.1300     0.9473     0.0277         2
     1.1350     0.9466     0.0271         2
     1.1400     0.9569     0.0265         2
     1.1450     0.9315     0.0254         2
     1.1500     0.9569     0.0249         2
     1.1550     1.0021     0.0239         2
     1.1600     0.9976     0.0223         2
     1.1650     0.9650     0.0226         2
     1.1700     0.9603     0.0251         2
     1.1750     1.0119     0.0235         2
     1.1800     1.0371     0.0241         2
     1.1850     0.9975     0.0238         2
     1.1900     0.9762     0.0220         2
     1.1950     0.9989     0.0219         2
     1.2000     1.0197     0.0245         2
     1.2050     1.0193     0.0235         2
     1.2100     1.0222     0.0244         2
     1.2150     0.9597     0.0243         2
     1.2200    -1.0000    -1.0000         0
     1.2250     1.0085     0.0260         2
     1.2300     1.0073     0.0242         2
     1.2350     0.9972     0.0254         2
     1.2400     1.0113     0.0257         2
     1.2450     1.0240     0.0257         2
     1.2500     1.0035     0.0241         2
     1.2550     1.0120     0.0225         2
     1.2600     1.0279     0.0232         2
     1.2650     0.9662     0.0217         2
     1.2700     0.9890     0.0232         2
     1.2750     1.0288     0.0250         2
     1.2800     1.0255     0.0228         2
     1.2850     1.0028     0.0239         2
     1.2900     0.9970     0.0229         2
     1.2950     1.0041     0.0263         2
     1.3000     1.0330     0.0256         2
     1.3050     1.0508     0.0255         2
     1.3100     1.0405     0.0249         2
     1.3150     1.0044     0.0255         2
     1.3200     1.0113     0.0278         2
     1.3250     1.0209     0.0246         2
     1.3300     1.0172     0.0272         2
     1.3350     1.0436     0.0277         2
     1.3400     1.0618     0.0295         2
     1.3450    -1.0000    -1.0000         0
     1.3500    -1.0000    -1.0000         0
     1.3550     1.0718     0.0523         1
     1.3600     0.9941     0.0604         1
     1.3650     0.9652     0.0669         1
     1.3700     0.9787     0.0783         1
     1.3750     1.0297     0.0663         2
     1.3800     0.9259     0.0557         1
     1.3850    -1.0000    -1.0000         0
     1.3900    -1.0000    -1.0000         0
     1.3950     1.0457     0.0566         2
     1.4000     0.9983     0.0494         1
     1.4050    -1.0000    -1.0000         0
     1.4100     0.9984     0.0400         2
     1.4150     0.9705     0.0400         2
     1.4200     1.0202     0.0374         2
     1.4250     1.0468     0.0365         2
     1.4300     1.0576     0.0391         2
     1.4350     1.0380     0.0328         2
     1.4400     0.9929     0.0294         2
     1.4450     0.9915     0.0282         2
     1.4500     1.0134     0.0279         2
     1.4550     0.9687     0.0256         2
     1.4600     0.9540     0.0273         2
     1.4650     0.9582     0.0312         2
     1.4700     0.9801     0.0310         2
     1.4750     0.9786     0.0272         2
     1.4800     1.0079     0.0322         2
     1.4850     1.0182     0.0293         2
     1.4900     0.9851     0.0262         2
     1.4950     0.9183     0.0255         2
     1.5000     0.9495     0.0255         2
     1.5050     0.9851     0.0278         2
     1.5100     0.9304     0.0262         1
     1.5150     0.9276     0.0253         2
     1.5200     0.9627     0.0233         2
     1.5250     0.9217     0.0264         2
     1.5300     0.9399     0.0275         2
     1.5350     1.0116     0.0252         2
     1.5400     1.0142     0.0264         2
     1.5450     0.9962     0.0222         2
     1.5500     1.0145     0.0314         2
     1.5550     0.9217     0.0239         2
     1.5600     0.9830     0.0239         2
     1.5650     0.9810     0.0233         2
     1.5700     0.9652     0.0246         2
     1.5750     1.0234     0.0259         2
     1.5800     1.0404     0.0271         2
     1.5850     0.9580     0.0284         2
     1.5900     0.9246     0.0269         2
     1.5950     0.9364     0.0234         2
     1.6000     0.9218     0.0236         2
     1.6050     0.8823     0.0245         2
     1.6100     0.8863     0.0223         2
     1.6150     0.8993     0.0256         2
     1.6200     0.8981     0.0231         2
     1.6250     0.9354     0.0237         2
     1.6300     0.9552     0.0254         2
     1.6350     0.9563     0.0254         2
     1.6400     0.9396     0.0247         2
     1.6450     0.9401     0.0283         2
     1.6500     0.9408     0.0266         2
     1.6550     0.9678     0.0282         2
     1.6600     1.0083     0.0286         2
     1.6650     0.9590     0.0289         2
     1.6700     0.9596     0.0276         2
     1.6750     1.0176     0.0277         2
     1.6800     1.0041     0.0281         2
     1.6850     0.9424     0.0260         2
     1.6900     0.8934     0.0254         2
     1.6950     0.8217     0.0254         2
     1.7000     0.7915     0.0245         2
     1.7050     0.7940     0.0237         2
     1.7100     0.8709     0.0269         2
     1.7150     0.9624     0.0283         2
     1.7200     0.9980     0.0291         2
     1.7250     0.9341     0.0269         2
     1.7300     0.9736     0.0274         2
     1.7350     0.9904     0.0303         2
     1.7400     0.9302     0.0276         2
     1.7450     0.9029     0.0271         2
     1.7500     0.9106     0.0292         2
     1.7550     0.8613     0.0291         2
     1.7600     0.8999     0.0270         2
     1.7650     1.0226     0.0301         2
     1.7700     0.9343     0.0298         2
     1.7750     0.8634     0.0280         2
     1.7800     0.9783     0.0314         2
     1.7850     1.1036     0.0345         2
     1.7900     1.0552     0.0385         2
     1.7950     0.9750     0.0355         2
     1.8000     1.0246     0.0376         2
     1.8050     0.9576     0.0406         2
     1.8100     0.9287     0.0455         2
     1.8150     1.0014     0.0487         2
     1.8200     0.9690     0.0560         2
     1.8250     0.8412     0.0669         2
     1.8300    -1.0000    -1.0000         0
     1.8350    -1.0000    -1.0000         0
     1.8400    -1.0000    -1.0000         0
     1.8450     0.9291     0.0991         2
     1.8500     0.9578     0.0950         2
     1.8550     0.8255     0.0975         1
     1.8600    -1.0000    -1.0000         0
     1.8650     0.9285     0.1007         2
     1.8700     1.0867     0.1166         1
     1.8750     0.9260     0.1023         2
     1.8800     0.9118     0.0829         2
     1.8850     1.0539     0.0707         2
     1.8900     0.9882     0.0680         2
     1.8950     0.8397     0.0773         2
     1.9000     0.8687     0.0876         2
     1.9050     0.9811     0.0947         2
     1.9100     1.0510     0.0866         2
     1.9150     0.9660     0.0761         2
     1.9200     0.9436     0.0635         2
     1.9250     1.0562     0.0747         2
     1.9300     0.9725     0.0576         2
     1.9350     1.0194     0.0569         2
     1.9400     0.9578     0.0557         2
     1.9450     0.8780     0.0519         2
     1.9500     0.9431     0.0561         2
     1.9550     0.8463     0.0534         2
     1.9600     0.8079     0.0467         2
     1.9650     1.0080     0.0454         2
     1.9700     0.9863     0.0500         2
     1.9750     0.8882     0.0370         2
     1.9800     0.9165     0.0375         2
     1.9850     0.9259     0.0395         2
     1.9900     0.9426     0.0421         2
     1.9950     0.8745     0.0425         2
     2.0000     0.8299     0.0470         2
     2.0050     0.8388     0.0552         2
     2.0100     0.9439     0.0572         2
     2.0150     0.9297     0.0569         2
     2.0200     0.9591     0.0456         2
     2.0250     1.0086     0.0490         2
     2.0300     0.8801     0.0366         2
     2.0350     0.9501     0.0367         2
     2.0400     0.9696     0.0419         2
     2.0450     0.8029     0.0381         2
     2.0500     0.8448     0.0405         2
     2.0550     0.8549     0.0410         2
     2.0600     0.8649     0.0441         2
     2.0650     0.8930     0.0434         2
     2.0700     0.9345     0.0412         2
     2.0750     1.0257     0.0435         2
     2.0800     0.9779     0.0432         2
     2.0850     0.9558     0.0360         2
     2.0900     0.9135     0.0414         2
     2.0950     0.8948     0.0368         2
     2.1000     1.0003     0.0378         2
     2.1050     0.9597     0.0407         2
     2.1100     0.9423     0.0393         2
     2.1150     0.9494     0.0416         2
     2.1200     0.9197     0.0385         2
     2.1250     0.9089     0.0395         2
     2.1300     0.8750     0.0380         2
     2.1350     0.9177     0.0427         2
     2.1400     0.9725     0.0397         2
     2.1450     0.8830     0.0399         2
     2.1500     0.7720     0.0375         1
     2.1550     0.8553     0.0437         2
     2.1600     0.8787     0.0403         2
     2.1650     0.8337     0.0422         2
     2.1700     0.9094     0.0426         2
     2.1750     0.9679     0.0429         2
     2.1800     0.9593     0.0462         2
     2.1850     0.9312     0.0483         2
     2.1900     0.9538     0.0494         2
     2.1950     1.0041     0.0494         2
     2.2000    -1.0000    -1.0000         0
     2.2050    -1.0000    -1.0000         0
     2.2100     0.9346     0.0498         2
     2.2150     0.8857     0.0488         2
     2.2200     0.9179     0.0450         2
     2.2250     1.0044     0.0512         2
     2.2300     0.8915     0.0481         2
     2.2350     0.9352     0.0486         2
     2.2400     1.0079     0.0514         2
     2.2450     0.9436     0.0506         2
     2.2500     0.9799     0.0551         2
     2.2550     0.9394     0.0544         2
     2.2600     0.8906     0.0505         2
     2.2650     0.9481     0.0547         2
     2.2700     1.0722     0.0526         2
     2.2750     0.9847     0.0627         2
     2.2800     0.8738     0.0541         2
     2.2850     0.9880     0.0543         2
     2.2900     0.9356     0.0544         2
     2.2950     0.9575     0.0575         2
     2.3000     0.9160     0.0571         2
     2.3050     0.9563     0.0522         2
     2.3100     1.0127     0.0601         2
     2.3150     0.8412     0.0561         2
     2.3200     0.8427     0.0545         2
     2.3250     0.9873     0.0555         2
     2.3300     0.9989     0.0580         2
     2.3350     1.0643     0.0588         2
     2.3400     1.1013     0.0689         2
     2.3450     0.8980     0.0586         2
     2.3500     0.9230     0.0600         2
     2.3550     1.0834     0.0702         2
     2.3600     1.1060     0.0635         2
     2.3650     0.9906     0.0682         2
     2.3700     1.0780     0.0658         2
     2.3750     1.0930     0.0713         2
     2.3800     0.9820     0.0639         2
     2.3850     1.0758     0.0634         2
     2.3900     1.1218     0.0621         1
     2.3950     0.8409     0.0664         2
     2.4000     0.8334     0.0641         2
     2.4050     1.0741     0.0702         2
     2.4100     0.9383     0.0676         2
     2.4150     0.9966     0.0753         2
     2.4200     0.9791     0.0704         2
     2.4250     0.8514     0.0690         2
     2.4300     0.8584     0.0658         2
     2.4350     0.8646     0.0723         2
     2.4400     0.9590     0.0694         2
     2.4450    -1.0000    -1.0000         0
     2.4500     1.0627     0.0843         2
     2.4550    -1.0000    -1.0000         0
     2.4600     1.0778     0.0760         2
     2.4650    -1.0000    -1.0000         0
     2.4700     0.9437     0.0855         2
     2.4750     0.9602     0.0832         1
     2.4800    -1.0000    -1.0000         0
     2.4850    -1.0000    -1.0000         0
     2.4900    -1.0000    -1.0000         0
