 0.4800	 0.8527	 0.0260
 0.4825	 0.8738	 0.0342
 0.4850	 0.8301	 0.0369
 0.4875	 0.8782	 0.0225
 0.4900	 0.8912	 0.0250
 0.4925	 0.9189	 0.0200
 0.4950	 0.9102	 0.0197
 0.4975	 0.9284	 0.0173
 0.5000	 0.9534	 0.0138
 0.5025	 0.9455	 0.0141
 0.5050	 0.9477	 0.0182
 0.5075	 0.9441	 0.0215
 0.5100	 0.9507	 0.0165
 0.5125	 0.9734	 0.0172
 0.5150	 0.9797	 0.0156
 0.5175	 0.9901	 0.0150
 0.5200	 0.9733	 0.0145
 0.5225	 0.9843	 0.0169
 0.5250	 1.0038	 0.0175
 0.5275	 0.9867	 0.0143
 0.5300	 1.0006	 0.0162
 0.5325	 0.9999	 0.0165
 0.5350	 0.9897	 0.0171
 0.5375	 1.0127	 0.0145
 0.5400	 1.0025	 0.0140
 0.5425	 1.0063	 0.0146
 0.5450	 1.0105	 0.0147
 0.5475	 1.0029	 0.0143
 0.5500	 1.0003	 0.0170
 0.5525	 1.0107	 0.0180
 0.5550	 1.0039	 0.0162
 0.5575	 1.0000	 0.0170
 0.5600	 1.0161	 0.0143
 0.5625	 0.9965	 0.0174
 0.5650	 1.0119	 0.0163
 0.5675	 0.9974	 0.0164
 0.5700	 1.0179	 0.0160
 0.5725	 1.0022	 0.0205
 0.5750	 1.0117	 0.0218
 0.5775	 1.0133	 0.0222
 0.5800	 1.0350	 0.0232
 0.5825	 1.0471	 0.0185
 0.5850	 1.0559	 0.0165
 0.5875	 1.0654	 0.0150
 0.5900	 1.0911	 0.0167
 0.5925	 1.0687	 0.0178
 0.5950	 1.0850	 0.0166
 0.5975	 1.0819	 0.0166
 0.6000	 1.0752	 0.0153
 0.6025	 1.0674	 0.0161
 0.6050	 1.0655	 0.0162
 0.6075	 1.0709	 0.0160
 0.6100	 1.0611	 0.0176
 0.6125	 1.0773	 0.0143
 0.6150	 1.0717	 0.0141
 0.6175	 1.0732	 0.0160
 0.6200	 1.0602	 0.0146
 0.6225	 1.0887	 0.0177
 0.6250	 1.0880	 0.0177
 0.6275	 1.0719	 0.0175
 0.6300	 1.0865	 0.0164
 0.6325	 1.0761	 0.0140
 0.6350	 1.0886	 0.0178
 0.6375	 1.0867	 0.0148
 0.6400	 1.0935	 0.0139
 0.6425	 1.1035	 0.0158
 0.6450	 1.1028	 0.0143
 0.6475	 1.1150	 0.0160
 0.6500	 1.0894	 0.0153
 0.6525	 1.0857	 0.0155
 0.6550	 1.0887	 0.0170
 0.6575	 1.0894	 0.0162
 0.6600	 1.0997	 0.0177
 0.6625	 1.0940	 0.0171
 0.6650	 1.1052	 0.0219
 0.6675	 1.1097	 0.0192
 0.6700	 1.1134	 0.0171
 0.6725	 1.1352	 0.0144
 0.6750	 1.1522	 0.0157
 0.6775	 1.1255	 0.0150
 0.6800	 1.1430	 0.0164
 0.6825	 1.1466	 0.0243
 0.6850	 1.1554	 0.0238
 0.6875	 1.1460	 0.0192
 0.6900	 1.1320	 0.0145
 0.6925	 1.0987	 0.0187
 0.6950	 1.1245	 0.0144
 0.6975	 1.1236	 0.0144
 0.7000	 1.1188	 0.0145
 0.7025	 1.1455	 0.0160
 0.7050	 1.1242	 0.0162
 0.7075	 1.1303	 0.0163
 0.7100	 1.1370	 0.0178
 0.7125	 1.1370	 0.0165
 0.7150	 1.1461	 0.0162
 0.7175	 1.1512	 0.0160
 0.7200	 1.1535	 0.0203
 0.7225	 1.1438	 0.0197
 0.7250	 1.1594	 0.0177
 0.7275	 1.1756	 0.0169
 0.7300	 1.1899	 0.0242
 0.7325	 1.1753	 0.0231
 0.7350	 1.1496	 0.0271
 0.7375	 1.1650	 0.0201
 0.7400	 1.2071	 0.0145
 0.7425	 1.1766	 0.0146
 0.7450	 1.2048	 0.0168
 0.7475	 1.1894	 0.0137
 0.7500	 1.1984	 0.0175
 0.7525	 1.1903	 0.0175
 0.7550	 1.1902	 0.0282
 0.7575	 1.1933	 0.0281
 0.7600	 1.2268	 0.0284
 0.7625	 1.1970	 0.0211
 0.7650	 1.1534	 0.0215
 0.7675	 1.1933	 0.0170
 0.7700	 1.2003	 0.0178
 0.7725	 1.1913	 0.0179
 0.7750	 1.1994	 0.0151
 0.7775	 1.2092	 0.0127
 0.7800	 1.2102	 0.0168
 0.7825	 1.2066	 0.0164
 0.7850	 1.2128	 0.0163
 0.7875	 1.2063	 0.0235
 0.7900	 1.1902	 0.0244
 0.7925	 1.2051	 0.0249
 0.7950	 1.2038	 0.0285
 0.7975	 1.2471	 0.0354
 0.8000	 1.1963	 0.0426
 0.8025	 1.2383	 0.0378
 0.8050	 1.1876	 0.0402
 0.8075	 1.2647	 0.0144
 0.8100	 1.2793	 0.0146
 0.8125	 1.2598	 0.0155
 0.8150	 1.2791	 0.0154
 0.8175	 1.2508	 0.0250
 0.8200	 1.2730	 0.0280
 0.8225	 1.2725	 0.0267
 0.8250	 1.2772	 0.0212
 0.8275	 1.3144	 0.0568
 0.8300	 1.3272	 0.0589
 0.8325	 1.3147	 0.0540
 0.8350	 1.2986	 0.0423
 0.8375	 1.1932	 0.0184
 0.8400	 1.2376	 0.0157
 0.8425	 1.2199	 0.0233
 0.8450	 1.2125	 0.0319
 0.8475	 1.2072	 0.0286
 0.8500	 1.2360	 0.0199
 0.8525	 1.2599	 0.0180
 0.8550	 1.2765	 0.0354
 0.8575	 1.2329	 0.0493
 0.8600	 1.2490	 0.0440
 0.8625	 1.2507	 0.0357
 0.8650	 1.3182	 0.0167
 0.8675	 1.3390	 0.0161
 0.8700	 1.3173	 0.0299
 0.8725	 1.3179	 0.0325
 0.8750	 1.3489	 0.0339
 0.8775	 1.3229	 0.0346
 0.8800	 1.2716	 0.0358
 0.8825	 1.3429	 0.0315
 0.8850	 1.3002	 0.0315
 0.8875	 1.3515	 0.0309
 0.8900	 1.3380	 0.0231
 0.8925	 1.2838	 0.0177
 0.8950	 1.2938	 0.0222
 0.8975	 1.3076	 0.0251
 0.9000	 1.2939	 0.0265
 0.9025	 1.3243	 0.0152
 0.9050	 1.3405	 0.0142
 0.9075	 1.3503	 0.0140
 0.9100	 1.3542	 0.0166
 0.9125	 1.3282	 0.0151
 0.9150	 1.3473	 0.0231
 0.9175	 1.3444	 0.0210
 0.9200	 1.3187	 0.0180
 0.9225	 1.3214	 0.0234
 0.9250	 1.2956	 0.0257
 0.9275	 1.3377	 0.0197
 0.9300	 1.3061	 0.0197
