    0.6500   -1.0000   -1.0000
    0.6550   -1.0000   -1.0000
    0.6600   -1.0000   -1.0000
    0.6650   -1.0000   -1.0000
    0.6700   -1.0000   -1.0000
    0.6750   -1.0000   -1.0000
    0.6800   -1.0000   -1.0000
    0.6850   -1.0000   -1.0000
    0.6900   -1.0000   -1.0000
    0.6950   -1.0000   -1.0000
    0.7000   -1.0000   -1.0000
    0.7050   -1.0000   -1.0000
    0.7100   -1.0000   -1.0000
    0.7150   -1.0000   -1.0000
    0.7200   -1.0000   -1.0000
    0.7250   -1.0000   -1.0000
    0.7300   -1.0000   -1.0000
    0.7350   -1.0000   -1.0000
    0.7400   -1.0000   -1.0000
    0.7450   -1.0000   -1.0000
    0.7500   -1.0000   -1.0000
    0.7550   -1.0000   -1.0000
    0.7600   -1.0000   -1.0000
    0.7650   -1.0000   -1.0000
    0.7700   -1.0000   -1.0000
    0.7750   -1.0000   -1.0000
    0.7800   -1.0000   -1.0000
    0.7850   -1.0000   -1.0000
    0.7900   -1.0000   -1.0000
    0.7950   -1.0000   -1.0000
    0.8000    0.7877    0.7877
    0.8050    0.8152    0.8152
    0.8100    0.8764    0.8764
    0.8150    0.8554    0.8554
    0.8200    0.8838    0.8838
    0.8250    0.8964    0.8964
    0.8300    0.9142    0.9142
    0.8350    0.8921    0.8921
    0.8400    0.8852    0.8852
    0.8450    0.8273    0.8273
    0.8500    0.8122    0.8122
    0.8550    0.9041    0.9041
    0.8600    0.8167    0.8167
    0.8650    0.8245    0.8245
    0.8700    0.8188    0.8188
    0.8750    0.8444    0.8444
    0.8800    0.7726    0.7726
    0.8850    0.8759    0.8759
    0.8900    0.8144    0.8144
    0.8950    0.7330    0.7330
    0.9000    0.7854    0.7854
    0.9050    0.7875    0.7875
    0.9100    0.8308    0.8308
    0.9150    0.7885    0.7885
    0.9200    0.8077    0.8077
    0.9250    0.7792    0.7792
    0.9300    0.7821    0.7821
    0.9350    0.7329    0.7329
    0.9400    0.7951    0.7951
    0.9450    0.7200    0.7200
    0.9500    0.8257    0.8257
    0.9550    0.8267    0.8267
    0.9600    0.7284    0.7284
    0.9650    0.7534    0.7534
    0.9700    0.7942    0.7942
    0.9750    0.8296    0.8296
    0.9800    0.8023    0.8023
    0.9850    0.8474    0.8474
    0.9900    0.8270    0.8270
    0.9950    0.9195    0.9195
    1.0000    0.8603    0.8603
    1.0050    0.8000    0.8000
    1.0100    0.8515    0.8515
    1.0150    0.7918    0.7918
    1.0200    0.7907    0.7907
    1.0250    0.8001    0.8001
    1.0300    0.7953    0.7953
    1.0350    0.7715    0.7715
    1.0400    0.8513    0.8513
    1.0450    0.8567    0.8567
    1.0500    0.8956    0.8956
    1.0550    0.8816    0.8816
    1.0600    0.8252    0.8252
    1.0650    0.8141    0.8141
    1.0700    0.8579    0.8579
    1.0750    0.8847    0.8847
    1.0800    0.8962    0.8962
    1.0850    0.8799    0.8799
    1.0900    0.8616    0.8616
    1.0950    0.9352    0.9353
    1.1000    0.8632    0.8632
    1.1050    0.8965    0.8965
    1.1100    0.8772    0.8772
    1.1150    0.9711    0.9711
    1.1200    0.9340    0.9340
    1.1250    0.9856    0.9856
    1.1300    0.9586    0.9586
    1.1350    0.9568    0.9568
    1.1400    0.9761    0.9761
    1.1450    0.8515    0.8515
    1.1500    0.8817    0.8817
    1.1550    0.8826    0.8826
    1.1600    0.9787    0.9787
    1.1650    0.9761    0.9761
    1.1700    0.8696    0.8696
    1.1750    0.9381    0.9381
    1.1800    1.0431    1.0431
    1.1850    1.0191    1.0191
    1.1900    0.9764    0.9764
    1.1950    1.0339    1.0339
    1.2000    1.0636    1.0636
    1.2050    0.9760    0.9760
    1.2100    1.0532    1.0532
    1.2150    1.0524    1.0524
    1.2200    1.0439    1.0439
    1.2250    1.0283    1.0283
    1.2300    0.9405    0.9405
    1.2350    1.0754    1.0754
    1.2400    1.0475    1.0475
    1.2450    1.0899    1.0899
    1.2500    1.0807    1.0807
    1.2550    1.0482    1.0482
    1.2600    0.9955    0.9955
    1.2650    1.0612    1.0612
    1.2700    1.0414    1.0414
    1.2750    1.0232    1.0232
    1.2800    1.1663    1.1663
    1.2850    1.1473    1.1473
    1.2900    1.1250    1.1250
    1.2950    1.0649    1.0649
    1.3000    1.0000    1.0000
    1.3050    1.1104    1.1104
    1.3100    1.1656    1.1656
    1.3150    1.0594    1.0594
    1.3200    1.0744    1.0744
    1.3250    1.1329    1.1329
    1.3300    1.0647    1.0647
    1.3350    1.0541    1.0541
    1.3400    1.0565    1.0565
    1.3450    1.1418    1.1418
    1.3500    1.2725    1.2725
    1.3550    1.3859    1.3860
    1.3600    1.3985    1.3986
    1.3650   -1.0000   -1.0000
    1.3700   -1.0000   -1.0000
    1.3750   -1.0000   -1.0000
    1.3800   -1.0000   -1.0000
    1.3850    1.3378    1.3380
    1.3900   -1.0000   -1.0000
    1.3950    1.2763    1.2765
    1.4000   -1.0000   -1.0000
    1.4050    1.0547    1.0548
    1.4100    1.3241    1.3242
    1.4150    1.3718    1.3719
    1.4200    1.1934    1.1934
    1.4250    1.0723    1.0723
    1.4300    1.2875    1.2876
    1.4350    1.1778    1.1778
    1.4400    1.1582    1.1582
    1.4450    1.1455    1.1455
    1.4500    1.1647    1.1647
    1.4550    1.2025    1.2025
    1.4600    1.0851    1.0851
    1.4650    1.0655    1.0655
    1.4700    1.2203    1.2203
    1.4750    1.2547    1.2547
    1.4800    1.1355    1.1355
    1.4850    1.2352    1.2352
    1.4900    1.1409    1.1409
    1.4950    1.2237    1.2237
    1.5000    1.1443    1.1443
    1.5050    1.3666    1.3666
    1.5100    1.2249    1.2249
    1.5150    1.2743    1.2744
    1.5200    1.0814    1.0814
    1.5250    1.1962    1.1962
    1.5300    1.4441    1.4441
    1.5350    1.2822    1.2822
    1.5400    1.3352    1.3352
    1.5450    1.1070    1.1071
    1.5500    1.1326    1.1326
    1.5550    1.3066    1.3066
    1.5600    1.2347    1.2347
    1.5650    1.1582    1.1582
    1.5700    1.0942    1.0942
    1.5750    1.1417    1.1417
    1.5800    1.1806    1.1806
    1.5850    1.3748    1.3748
    1.5900    1.1475    1.1475
    1.5950    1.1998    1.1998
    1.6000    1.1125    1.1125
    1.6050    1.3915    1.3915
    1.6100    1.1348    1.1348
    1.6150    1.1677    1.1677
    1.6200    1.1251    1.1251
    1.6250    1.3832    1.3832
    1.6300    1.1987    1.1987
    1.6350    1.2463    1.2463
    1.6400    1.2804    1.2804
    1.6450    1.2661    1.2661
    1.6500    1.3326    1.3326
    1.6550    1.3353    1.3354
    1.6600    1.2903    1.2903
    1.6650    1.2366    1.2366
    1.6700    1.3810    1.3810
    1.6750    1.3860    1.3860
    1.6800    1.3593    1.3593
    1.6850    1.0578    1.0578
    1.6900    1.3148    1.3148
    1.6950    1.3822    1.3822
    1.7000    1.2518    1.2518
    1.7050    1.2226    1.2226
    1.7100    1.3247    1.3247
    1.7150    1.2010    1.2010
    1.7200    1.2178    1.2178
    1.7250    1.3542    1.3542
    1.7300    1.1515    1.1515
    1.7350    1.1627    1.1627
    1.7400    1.2100    1.2100
    1.7450    1.1357    1.1357
    1.7500    1.2638    1.2638
    1.7550    1.2066    1.2066
    1.7600    1.0729    1.0729
    1.7650    1.1405    1.1405
    1.7700    1.2370    1.2370
    1.7750    1.1396    1.1396
    1.7800    1.2929    1.2929
    1.7850    1.2935    1.2935
    1.7900    1.0245    1.0245
    1.7950    1.2899    1.2899
    1.8000    1.2200    1.2200
    1.8050    1.0947    1.0947
    1.8100    1.1911    1.1912
    1.8150    1.1273    1.1274
    1.8200    1.3335    1.3336
    1.8250   -1.0000   -1.0000
    1.8300   -1.0000   -1.0000
    1.8350   -1.0000   -1.0000
    1.8400   -1.0000   -1.0000
    1.8450   -1.0000   -1.0000
    1.8500   -1.0000   -1.0000
    1.8550   -1.0000   -1.0000
    1.8600   -1.0000   -1.0000
    1.8650   -1.0000   -1.0000
    1.8700   -1.0000   -1.0000
    1.8750   -1.0000   -1.0000
    1.8800   -1.0000   -1.0000
    1.8850   -1.0000   -1.0000
    1.8900   -1.0000   -1.0000
    1.8950   -1.0000   -1.0000
    1.9000   -1.0000   -1.0000
    1.9050   -1.0000   -1.0000
    1.9100   -1.0000   -1.0000
    1.9150   -1.0000   -1.0000
    1.9200   -1.0000   -1.0000
    1.9250   -1.0000   -1.0000
    1.9300   -1.0000   -1.0000
    1.9350   -1.0000   -1.0000
    1.9400   -1.0000   -1.0000
    1.9450   -1.0000   -1.0000
    1.9500   -1.0000   -1.0000
    1.9550   -1.0000   -1.0000
    1.9600   -1.0000   -1.0000
    1.9650   -1.0000   -1.0000
    1.9700   -1.0000   -1.0000
    1.9750   -1.0000   -1.0000
    1.9800    1.1873    1.1873
    1.9850    1.1957    1.1958
    1.9900    1.1677    1.1677
    1.9950    1.2969    1.2969
    2.0000    1.2221    1.2221
    2.0050    1.3803    1.3804
    2.0100    1.4395    1.4395
    2.0150    1.0563    1.0563
    2.0200    1.0553    1.0553
    2.0250    1.0036    1.0036
    2.0300    1.2180    1.2180
    2.0350    1.1012    1.1012
    2.0400    1.0980    1.0980
    2.0450    1.1388    1.1388
    2.0500    1.2494    1.2494
    2.0550    1.2240    1.2240
    2.0600    1.2810    1.2810
    2.0650    1.0980    1.0980
    2.0700    1.0362    1.0362
    2.0750    1.1969    1.1969
    2.0800    1.1193    1.1193
    2.0850    1.3422    1.3422
    2.0900    1.2889    1.2889
    2.0950    1.2666    1.2667
    2.1000    1.3073    1.3073
    2.1050    1.2781    1.2782
    2.1100    1.3403    1.3403
    2.1150    1.2113    1.2113
    2.1200    1.2761    1.2761
    2.1250    1.3339    1.3339
    2.1300    1.4258    1.4258
    2.1350    1.2212    1.2212
    2.1400    1.2774    1.2774
    2.1450    1.3640    1.3640
    2.1500    1.2609    1.2609
    2.1550    1.3641    1.3641
    2.1600    1.5007    1.5007
    2.1650    1.4971    1.4971
    2.1700    1.3329    1.3329
    2.1750    1.2724    1.2724
    2.1800    1.2977    1.2977
    2.1850    1.2825    1.2825
    2.1900    0.9810    0.9810
    2.1950    1.3013    1.3013
    2.2000    1.0362    1.0362
    2.2050    1.0982    1.0983
    2.2100    1.1982    1.1982
    2.2150    1.2641    1.2641
    2.2200    1.1792    1.1792
    2.2250    1.0522    1.0522
    2.2300    1.2601    1.2601
    2.2350    1.1960    1.1960
    2.2400    1.4919    1.4919
    2.2450    1.0666    1.0666
    2.2500    1.0173    1.0173
    2.2550    1.1524    1.1524
    2.2600    1.0930    1.0930
    2.2650    1.1522    1.1523
    2.2700    1.3088    1.3089
    2.2750    1.2826    1.2827
    2.2800    1.2623    1.2623
    2.2850    1.1314    1.1315
    2.2900    1.1780    1.1780
    2.2950    1.2560    1.2560
    2.3000    1.1132    1.1132
    2.3050    1.1640    1.1641
    2.3100    1.0916    1.0916
    2.3150    1.3698    1.3698
    2.3200    1.4156    1.4157
    2.3250    0.9363    0.9363
    2.3300    1.5057    1.5057
    2.3350    1.2431    1.2431
    2.3400    1.3057    1.3057
    2.3450   -1.0000   -1.0000
    2.3500    0.8504    0.8504
    2.3550    1.2238    1.2238
    2.3600    1.2167    1.2167
    2.3650    1.5972    1.5973
    2.3700    0.8785    0.8785
    2.3750    1.8133    1.8134
    2.3800   -1.0000   -1.0000
    2.3850    1.5536    1.5536
    2.3900    1.6121    1.6121
    2.3950    1.3058    1.3058
    2.4000    1.6619    1.6620
    2.4050    1.1474    1.1474
    2.4100    1.4602    1.4603
    2.4150    1.4691    1.4691
    2.4200    1.2408    1.2409
    2.4250    0.7027    0.7027
    2.4300    1.8868    1.8869
    2.4350    1.4170    1.4170
    2.4400    0.9100    0.9100
    2.4450    1.3616    1.3616
    2.4500   -1.0000   -1.0000
    2.4550    0.9228    0.9228
    2.4600   -1.0000   -1.0000
    2.4650    1.0941    1.0942
    2.4700    0.9480    0.9480
    2.4750   -1.0000   -1.0000
    2.4800   -1.0000   -1.0000
    2.4850   -1.0000   -1.0000
    2.4900   -1.0000   -1.0000
