 0.4900	 0.9495	 0.0074
 0.4925	 0.9491	 0.0060
 0.4950	 0.9504	 0.0050
 0.4975	 0.9508	 0.0065
 0.5000	 0.9641	 0.0075
 0.5025	 0.9719	 0.0082
 0.5050	 0.9540	 0.0086
 0.5075	 0.9679	 0.0090
 0.5100	 0.9816	 0.0096
 0.5125	 0.9668	 0.0098
 0.5150	 0.9694	 0.0159
 0.5175	 0.9958	 0.0129
 0.5200	 0.9932	 0.0070
 0.5225	 0.9933	 0.0116
 0.5250	 0.9784	 0.0151
 0.5275	 1.0041	 0.0139
 0.5325	 0.9959	 0.0097
 0.5375	 0.9907	 0.0122
 0.5400	 1.0134	 0.0137
 0.5425	 1.0020	 0.0108
 0.5450	 0.9862	 0.0098
 0.5475	 0.9924	 0.0189
 0.5500	 1.0006	 0.0106
 0.5525	 1.0006	 0.0077
 0.5550	 0.9925	 0.0120
 0.5575	 0.9954	 0.0101
 0.5600	 1.0110	 0.0088
 0.5625	 1.0071	 0.0079
 0.5650	 1.0145	 0.0065
 0.5675	 1.0129	 0.0122
 0.5700	 1.0229	 0.0157
 0.5725	 1.0164	 0.0129
 0.5750	 1.0150	 0.0120
 0.5775	 1.0270	 0.0125
 0.5800	 1.0232	 0.0142
 0.5825	 1.0260	 0.0111
 0.5850	 1.0364	 0.0148
 0.5875	 1.0290	 0.0252
 0.5900	 1.0518	 0.0100
 0.5925	 1.0311	 0.0116
 0.5950	 1.0320	 0.0080
 0.5975	 1.0438	 0.0058
 0.6000	 1.0292	 0.0059
 0.6025	 1.0351	 0.0099
 0.6050	 1.0406	 0.0051
 0.6075	 1.0414	 0.0059
 0.6100	 1.0469	 0.0065
 0.6125	 1.0329	 0.0089
 0.6150	 1.0582	 0.0070
 0.6175	 1.0583	 0.0117
 0.6200	 1.0479	 0.0050
 0.6225	 1.0507	 0.0078
 0.6250	 1.0518	 0.0074
 0.6275	 1.0599	 0.0185
 0.6300	 1.0555	 0.0064
 0.6325	 1.0578	 0.0049
 0.6350	 1.0629	 0.0069
 0.6375	 1.0591	 0.0112
 0.6400	 1.0685	 0.0087
 0.6425	 1.0602	 0.0132
 0.6450	 1.0646	 0.0105
 0.6475	 1.0618	 0.0081
 0.6500	 1.0666	 0.0087
 0.6525	 1.0579	 0.0241
 0.6550	 1.0758	 0.0199
 0.6575	 1.0886	 0.0223
 0.6600	 1.0810	 0.0135
 0.6625	 1.0769	 0.0172
 0.6650	 1.0965	 0.0361
 0.6675	 1.0803	 0.0225
 0.6700	 1.0763	 0.0110
 0.6725	 1.0871	 0.0085
 0.6750	 1.0911	 0.0171
 0.6775	 1.0885	 0.0150
 0.6800	 1.0795	 0.0089
 0.6825	 1.0650	 0.0160
 0.6850	 1.0758	 0.0157
 0.6875	 1.0645	 0.0158
 0.6900	 1.0912	 0.0132
 0.6925	 1.0850	 0.0177
 0.6950	 1.0922	 0.0098
 0.6975	 1.0998	 0.0215
 0.7000	 1.1138	 0.0268
 0.7025	 1.1049	 0.0082
 0.7050	 1.1016	 0.0173
 0.7075	 1.1008	 0.0087
 0.7100	 1.0937	 0.0091
 0.7125	 1.0926	 0.0115
 0.7150	 1.0903	 0.0179
 0.7175	 1.1031	 0.0171
 0.7200	 1.1187	 0.0149
 0.7225	 1.0926	 0.0094
 0.7250	 1.1104	 0.0097
 0.7275	 1.1064	 0.0144
 0.7300	 1.1070	 0.0065
 0.7325	 1.1054	 0.0175
 0.7350	 1.1182	 0.0243
 0.7375	 1.1101	 0.0116
 0.7400	 1.1075	 0.0116
 0.7425	 1.1168	 0.0157
 0.7450	 1.1144	 0.0150
 0.7475	 1.1021	 0.0078
 0.7500	 1.1061	 0.0112
 0.7525	 1.1282	 0.0171
 0.7550	 1.1147	 0.0141
 0.7575	 1.1019	 0.0129
 0.7625	 1.1331	 0.0230
 0.7650	 1.1266	 0.0328
 0.7675	 1.1400	 0.0305
 0.7700	 1.1063	 0.0166
 0.7725	 1.1149	 0.0165
 0.7750	 1.0879	 0.0155
 0.7775	 1.1001	 0.0168
 0.7800	 1.1136	 0.0193
 0.7825	 1.1027	 0.0159
 0.7875	 1.0720	 0.0192
 0.7900	 1.0929	 0.0190
 0.7925	 1.0970	 0.0203
 0.7950	 1.1250	 0.0219
 0.7975	 1.0809	 0.0174
 0.8000	 1.0934	 0.0215
 0.8025	 1.1109	 0.0189
 0.8075	 1.0978	 0.0145
 0.8100	 1.0968	 0.0190
 0.8125	 1.0915	 0.0182
 0.8150	 1.0832	 0.0166
 0.8175	 1.0887	 0.0201
 0.8200	 1.0971	 0.0168
 0.8225	 1.0984	 0.0166
 0.8250	 1.0914	 0.0209
 0.8275	 1.0862	 0.0429
 0.8300	 1.0852	 0.0224
 0.8325	 1.1000	 0.0177
 0.8350	 1.0662	 0.0289
 0.8375	 1.0605	 0.0197
 0.8400	 1.0419	 0.0223
 0.8425	 1.0157	 0.0231
 0.8450	 1.0424	 0.0233
 0.8475	 1.0251	 0.0226
 0.8500	 1.0398	 0.0221
 0.8525	 1.0196	 0.0181
 0.8550	 1.0688	 0.0257
 0.8575	 1.0565	 0.0293
 0.8600	 1.0621	 0.0281
 0.8625	 1.0496	 0.0326
 0.8650	 1.0438	 0.0223
 0.8675	 1.0934	 0.0296
 0.8700	 1.0690	 0.0287
 0.8725	 1.0371	 0.0300
 0.8750	 1.0919	 0.0303
 0.8775	 1.0864	 0.0335
 0.8800	 1.0500	 0.0348
 0.8825	 1.0860	 0.0379
 0.8850	 1.0520	 0.0510
 0.8875	 1.0263	 0.0399
 0.8900	 0.9836	 0.0436
 0.8925	 0.9746	 0.0415
 0.8950	 0.9935	 0.0414
 0.8975	 1.0120	 0.0385
 0.9000	 1.0324	 0.0367
 0.9025	 1.0575	 0.0419
 0.9050	 1.0445	 0.0400
 0.9075	 1.0277	 0.0426
 0.9100	 1.0334	 0.0469
 0.9125	 1.0253	 0.0453
 0.9150	 1.0271	 0.0449
 0.9175	 1.0413	 0.0455
 0.9200	 1.0130	 0.0506
 0.9225	 1.0113	 0.0495
 0.9250	 1.0218	 0.0525
 0.9275	 1.0159	 0.0512
 0.9300	 1.0067	 0.0483
