    0.7800   -1.0000   -1.0000    0.0000
    0.7850   -1.0000   -1.0000    0.0000
    0.7900   -1.0000   -1.0000    0.0000
    0.7950   -1.0000   -1.0000    0.0000
    0.8000    0.8617    0.0208    1.0000
    0.8050    0.8820    0.0194    1.0000
    0.8100    0.8830    0.0179    1.0000
    0.8150    0.8877    0.0164    1.0000
    0.8200    0.8797    0.0150    1.0000
    0.8250    0.8806    0.0141    1.0000
    0.8300    0.8818    0.0136    1.0000
    0.8350    0.8814    0.0133    1.0000
    0.8400    0.8973    0.0133    1.0000
    0.8450    0.9074    0.0133    1.0000
    0.8500    0.9132    0.0132    1.0000
    0.8550    0.9406    0.0135    1.0000
    0.8600    0.9437    0.0137    1.0000
    0.8650    0.9469    0.0141    1.0000
    0.8700    0.9412    0.0142    1.0000
    0.8750    0.9497    0.0140    1.0000
    0.8800    0.9342    0.0135    1.0000
    0.8850    0.9251    0.0132    1.0000
    0.8900    0.9243    0.0125    1.0000
    0.8950    0.9385    0.0121    1.0000
    0.9000    0.9328    0.0119    1.0000
    0.9050    0.9224    0.0114    1.0000
    0.9100    0.9318    0.0113    1.0000
    0.9150    0.9323    0.0111    1.0000
    0.9200    0.9391    0.0111    1.0000
    0.9250    0.9391    0.0111    1.0000
    0.9300    0.9390    0.0113    1.0000
    0.9350    0.9443    0.0118    1.0000
    0.9400    0.9455    0.0121    1.0000
    0.9450    0.9358    0.0121    1.0000
    0.9500    0.9440    0.0124    1.0000
    0.9550    0.9555    0.0123    1.0000
    0.9600    0.9377    0.0119    1.0000
    0.9650    0.9362    0.0110    1.0000
    0.9700    0.9481    0.0106    1.0000
    0.9750    0.9686    0.0102    1.0000
    0.9800    0.9886    0.0101    1.0000
    0.9850    0.9901    0.0099    1.0000
    0.9900    0.9869    0.0097    1.0000
    0.9950    1.0066    0.0097    1.0000
    1.0000    0.9988    0.0094    1.0000
    1.0050    0.9986    0.0093    1.0000
    1.0100    1.0116    0.0095    1.0000
    1.0150    0.9975    0.0091    1.0000
    1.0200    1.0088    0.0090    1.0000
    1.0250    1.0173    0.0091    1.0000
    1.0300    1.0097    0.0088    1.0000
    1.0350    1.0173    0.0088    1.0000
    1.0400    1.0217    0.0089    1.0000
    1.0450    1.0161    0.0088    1.0000
    1.0500    1.0265    0.0088    1.0000
    1.0550    1.0344    0.0089    1.0000
    1.0600    1.0309    0.0090    1.0000
    1.0650    1.0436    0.0089    1.0000
    1.0700    1.0604    0.0089    1.0000
    1.0750    1.0552    0.0090    1.0000
    1.0800    1.0472    0.0087    1.0000
    1.0850    1.0494    0.0086    1.0000
    1.0900    1.0481    0.0086    1.0000
    1.0950    1.0417    0.0084    1.0000
    1.1000    1.0694    0.0086    1.0000
    1.1050    1.0667    0.0086    1.0000
    1.1100    1.0500    0.0085    1.0000
    1.1150    1.0587    0.0086    1.0000
    1.1200    1.0725    0.0092    1.0000
    1.1250    1.0789    0.0096    1.0000
    1.1300    1.0727    0.0102    1.0000
    1.1350    1.0716    0.0105    1.0000
    1.1400    1.0807    0.0107    1.0000
    1.1450    1.0900    0.0109    1.0000
    1.1500    1.0757    0.0101    1.0000
    1.1550    1.0969    0.0096    1.0000
    1.1600    1.1125    0.0093    1.0000
    1.1650    1.1097    0.0088    1.0000
    1.1700    1.1206    0.0086    1.0000
    1.1750    1.1307    0.0086    1.0000
    1.1800    1.1392    0.0084    1.0000
    1.1850    1.1334    0.0082    1.0000
    1.1900    1.1275    0.0080    1.0000
    1.1950    1.1207    0.0081    1.0000
    1.2000    1.1235    0.0082    1.0000
    1.2050    1.1441    0.0082    1.0000
    1.2100    1.1562    0.0081    1.0000
    1.2150    1.1516    0.0080    1.0000
    1.2200    1.1428    0.0082    1.0000
    1.2250    1.1395    0.0082    1.0000
    1.2300    1.1506    0.0080    1.0000
    1.2350    1.1601    0.0080    1.0000
    1.2400    1.1449    0.0079    1.0000
    1.2450    1.1411    0.0079    1.0000
    1.2500    1.1645    0.0082    1.0000
    1.2550    1.1830    0.0089    1.0000
    1.2600    1.1552    0.0080    1.0000
    1.2650    1.1540    0.0082    1.0000
    1.2700    1.1884    0.0085    1.0000
    1.2750    1.1947    0.0090    1.0000
    1.2800    1.1860    0.0085    1.0000
    1.2850    1.1709    0.0083    1.0000
    1.2900    1.1649    0.0082    1.0000
    1.2950    1.1721    0.0080    1.0000
    1.3000    1.2007    0.0081    1.0000
    1.3050    1.2192    0.0081    1.0000
    1.3100    1.1981    0.0085    1.0000
    1.3150    1.1920    0.0086    1.0000
    1.3200    1.1930    0.0089    1.0000
    1.3250    1.1959    0.0088    1.0000
    1.3300    1.2106    0.0088    1.0000
    1.3350    1.2076    0.0090    1.0000
    1.3400    1.2328    0.0095    1.0000
    1.3450    1.2249    0.0101    1.0000
    1.3500    1.2013    0.0116    1.0000
    1.3550    1.2189    0.0143    1.0000
    1.3600    1.2143    0.0198    1.0000
    1.3650    1.2323    0.0291    1.0000
    1.3700    1.2534    0.0366    1.0000
    1.3750    1.2395    0.0384    1.0000
    1.3800    1.2404    0.0352    1.0000
    1.3850    1.2503    0.0301    1.0000
    1.3900    1.2540    0.0282    1.0000
    1.3950    1.2428    0.0269    1.0000
    1.4000    1.2094    0.0241    1.0000
    1.4050    1.2075    0.0221    1.0000
    1.4100    1.2177    0.0204    1.0000
    1.4150    1.2366    0.0185    1.0000
    1.4200    1.2482    0.0169    1.0000
    1.4250    1.2538    0.0151    1.0000
    1.4300    1.2429    0.0143    1.0000
    1.4350    1.2590    0.0136    1.0000
    1.4400    1.2637    0.0135    1.0000
    1.4450    1.2533    0.0130    1.0000
    1.4500    1.2666    0.0123    1.0000
    1.4550    1.2755    0.0116    1.0000
    1.4600    1.2674    0.0113    1.0000
    1.4650    1.2618    0.0115    1.0000
    1.4700    1.2745    0.0115    1.0000
    1.4750    1.2812    0.0117    1.0000
    1.4800    1.2960    0.0121    1.0000
    1.4850    1.3020    0.0114    1.0000
    1.4900    1.3044    0.0111    1.0000
    1.4950    1.2815    0.0109    1.0000
    1.5000    1.2961    0.0105    1.0000
    1.5050    1.3130    0.0104    1.0000
    1.5100    1.3236    0.0104    1.0000
    1.5150    1.3145    0.0104    1.0000
    1.5200    1.2979    0.0102    1.0000
    1.5250    1.3072    0.0104    1.0000
    1.5300    1.3118    0.0104    1.0000
    1.5350    1.3073    0.0103    1.0000
    1.5400    1.2989    0.0102    1.0000
    1.5450    1.3103    0.0105    1.0000
    1.5500    1.3395    0.0106    1.0000
    1.5550    1.3292    0.0103    1.0000
    1.5600    1.3191    0.0103    1.0000
    1.5650    1.3214    0.0103    1.0000
    1.5700    1.3285    0.0105    1.0000
    1.5750    1.3376    0.0109    1.0000
    1.5800    1.3497    0.0112    1.0000
    1.5850    1.3573    0.0108    1.0000
    1.5900    1.3427    0.0106    1.0000
    1.5950    1.3399    0.0108    1.0000
    1.6000    1.3599    0.0112    1.0000
    1.6050    1.3698    0.0114    1.0000
    1.6100    1.3378    0.0110    1.0000
    1.6150    1.3583    0.0115    1.0000
    1.6200    1.3699    0.0115    1.0000
    1.6250    1.3743    0.0117    1.0000
    1.6300    1.3678    0.0111    1.0000
    1.6350    1.3726    0.0113    1.0000
    1.6400    1.3661    0.0115    1.0000
    1.6450    1.3664    0.0118    1.0000
    1.6500    1.3781    0.0117    1.0000
    1.6550    1.3966    0.0121    1.0000
    1.6600    1.3764    0.0118    1.0000
    1.6650    1.3827    0.0119    1.0000
    1.6700    1.4036    0.0123    1.0000
    1.6750    1.3841    0.0124    1.0000
    1.6800    1.3928    0.0124    1.0000
    1.6850    1.3961    0.0127    1.0000
    1.6900    1.4028    0.0131    1.0000
    1.6950    1.4434    0.0137    1.0000
    1.7000    1.4227    0.0132    1.0000
    1.7050    1.3916    0.0132    1.0000
    1.7100    1.4261    0.0133    1.0000
    1.7150    1.4430    0.0135    1.0000
    1.7200    1.4338    0.0131    1.0000
    1.7250    1.4302    0.0133    1.0000
    1.7300    1.4386    0.0133    1.0000
    1.7350    1.4305    0.0135    1.0000
    1.7400    1.4430    0.0139    1.0000
    1.7450    1.4339    0.0137    1.0000
    1.7500    1.4493    0.0142    1.0000
    1.7550    1.4482    0.0138    1.0000
    1.7600    1.4361    0.0142    1.0000
    1.7650    1.4269    0.0145    1.0000
    1.7700    1.4481    0.0143    1.0000
    1.7750    1.4297    0.0143    1.0000
    1.7800    1.4174    0.0149    1.0000
    1.7850    1.4028    0.0148    1.0000
    1.7900    1.4099    0.0150    1.0000
    1.7950    1.4387    0.0159    1.0000
    1.8000    1.4592    0.0170    1.0000
    1.8050    1.4693    0.0183    1.0000
    1.8100    1.4805    0.0200    1.0000
    1.8150    1.4692    0.0224    1.0000
    1.8200    1.4837    0.0253    1.0000
    1.8250    1.4952    0.0286    1.0000
    1.8300    1.4387    0.0328    1.0000
    1.8350    1.4344    0.0413    1.0000
    1.8400    1.4746    0.0539    1.0000
    1.8450    1.5461    0.0725    1.0000
    1.8500    1.5123    0.0836    1.0000
    1.8550    1.5111    0.0856    1.0000
    1.8600    1.5119    0.0769    1.0000
    1.8650    1.4997    0.0718    1.0000
    1.8700    1.5042    0.0796    1.0000
    1.8750    1.5044    0.0895    1.0000
    1.8800    1.4533    0.0846    1.0000
    1.8850    1.4602    0.0756    1.0000
    1.8900    1.4789    0.0596    1.0000
    1.8950    1.4628    0.0481    1.0000
    1.9000    1.4418    0.0491    1.0000
    1.9050    1.5073    0.0604    1.0000
    1.9100    1.5145    0.0680    1.0000
    1.9150    1.5174    0.0755    1.0000
    1.9200    1.4671    0.0648    1.0000
    1.9250    1.4615    0.0523    1.0000
    1.9300    1.4755    0.0460    1.0000
    1.9350    1.4747    0.0401    1.0000
    1.9400    1.5030    0.0375    1.0000
    1.9450    1.4848    0.0351    1.0000
    1.9500    1.4950    0.0327    1.0000
    1.9550    1.4907    0.0316    1.0000
    1.9600    1.4809    0.0317    1.0000
    1.9650    1.4719    0.0301    1.0000
    1.9700    1.4883    0.0290    1.0000
    1.9750    1.4788    0.0261    1.0000
    1.9800    1.5328    0.0240    1.0000
    1.9850    1.5148    0.0219    1.0000
    1.9900    1.5407    0.0214    1.0000
    1.9950    1.5383    0.0209    1.0000
    2.0000    1.5207    0.0219    1.0000
    2.0050    1.5475    0.0254    1.0000
    2.0100    1.5548    0.0294    1.0000
    2.0150    1.5271    0.0338    1.0000
    2.0200    1.5293    0.0343    1.0000
    2.0250    1.5219    0.0301    1.0000
    2.0300    1.5499    0.0270    1.0000
    2.0350    1.5634    0.0236    1.0000
    2.0400    1.5729    0.0219    1.0000
    2.0450    1.5882    0.0218    1.0000
    2.0500    1.5837    0.0221    1.0000
    2.0550    1.5768    0.0234    1.0000
    2.0600    1.5902    0.0245    1.0000
    2.0650    1.5965    0.0255    1.0000
    2.0700    1.5966    0.0257    1.0000
    2.0750    1.6017    0.0252    1.0000
    2.0800    1.5748    0.0239    1.0000
    2.0850    1.5658    0.0232    1.0000
    2.0900    1.5735    0.0226    1.0000
    2.0950    1.6000    0.0229    1.0000
    2.1000    1.6045    0.0227    1.0000
    2.1050    1.5944    0.0225    1.0000
    2.1100    1.5881    0.0228    1.0000
    2.1150    1.6069    0.0228    1.0000
    2.1200    1.6127    0.0233    1.0000
    2.1250    1.6011    0.0232    1.0000
    2.1300    1.5803    0.0230    1.0000
    2.1350    1.5927    0.0233    1.0000
    2.1400    1.6036    0.0237    1.0000
    2.1450    1.5986    0.0237    1.0000
    2.1500    1.6307    0.0245    1.0000
    2.1550    1.6690    0.0250    1.0000
    2.1600    1.6828    0.0257    1.0000
    2.1650    1.6384    0.0253    1.0000
    2.1700    1.6305    0.0260    1.0000
    2.1750    1.6531    0.0266    1.0000
    2.1800    1.6599    0.0270    1.0000
    2.1850    1.6425    0.0265    1.0000
    2.1900    1.6343    0.0269    1.0000
    2.1950    1.6463    0.0273    1.0000
    2.2000    1.6782    0.0279    1.0000
    2.2050    1.6709    0.0280    1.0000
    2.2100    1.7087    0.0289    1.0000
    2.2150    1.6966    0.0290    1.0000
    2.2200    1.6844    0.0286    1.0000
    2.2250    1.6646    0.0289    1.0000
    2.2300    1.6685    0.0292    1.0000
    2.2350    1.6675    0.0296    1.0000
    2.2400    1.6873    0.0302    1.0000
    2.2450    1.7131    0.0311    1.0000
    2.2500    1.6950    0.0307    1.0000
    2.2550    1.6844    0.0311    1.0000
    2.2600    1.6866    0.0320    1.0000
    2.2650    1.7095    0.0324    1.0000
    2.2700    1.7202    0.0330    1.0000
    2.2750    1.6982    0.0329    1.0000
    2.2800    1.6965    0.0334    1.0000
    2.2850    1.7093    0.0336    1.0000
    2.2900    1.7645    0.0354    1.0000
    2.2950    1.7387    0.0349    1.0000
    2.3000    1.7458    0.0356    1.0000
    2.3050    1.7475    0.0353    1.0000
    2.3100    1.7393    0.0353    1.0000
    2.3150    1.7179    0.0356    1.0000
    2.3200    1.7154    0.0365    1.0000
    2.3250    1.7565    0.0368    1.0000
    2.3300    1.7364    0.0361    1.0000
    2.3350    1.7407    0.0369    1.0000
    2.3400    1.7515    0.0378    1.0000
    2.3450    1.7635    0.0389    1.0000
    2.3500    1.7840    0.0401    1.0000
    2.3550    1.7531    0.0391    1.0000
    2.3600    1.7305    0.0395    1.0000
    2.3650    1.8338    0.0428    1.0000
    2.3700    1.8569    0.0422    1.0000
    2.3750    1.8206    0.0427    1.0000
    2.3800    1.7913    0.0422    1.0000
    2.3850    1.8182    0.0427    1.0000
    2.3900    1.8079    0.0431    1.0000
    2.3950    1.7955    0.0427    1.0000
    2.4000    1.8690    0.0443    1.0000
    2.4050    1.8999    0.0443    1.0000
    2.4100    1.8436    0.0457    1.0000
    2.4150    1.8018    0.0463    1.0000
    2.4200    1.8850    0.0485    1.0000
    2.4250    1.9394    0.0473    1.0000
    2.4300    1.8451    0.0462    1.0000
    2.4350    1.8946    0.0492    1.0000
    2.4400    1.9327    0.0498    1.0000
    2.4450    1.9035    0.0517    1.0000
    2.4500    1.9804    0.0556    1.0000
    2.4550    2.1020    0.0590    1.0000
    2.4600    2.0135    0.0522    1.0000
    2.4650    2.0107    0.0535    1.0000
    2.4700    2.0782    0.0566    1.0000
    2.4750    2.0052    0.0573    1.0000
    2.4800    2.0309    0.0642    1.0000
    2.4850    2.1403    0.0710    1.0000
    2.4900    2.1137    0.0778    1.0000
