    0.6500   -1.0000   -1.0000
    0.6550   -1.0000   -1.0000
    0.6600   -1.0000   -1.0000
    0.6650   -1.0000   -1.0000
    0.6700   -1.0000   -1.0000
    0.6750   -1.0000   -1.0000
    0.6800   -1.0000   -1.0000
    0.6850   -1.0000   -1.0000
    0.6900   -1.0000   -1.0000
    0.6950   -1.0000   -1.0000
    0.7000   -1.0000   -1.0000
    0.7050   -1.0000   -1.0000
    0.7100   -1.0000   -1.0000
    0.7150   -1.0000   -1.0000
    0.7200   -1.0000   -1.0000
    0.7250   -1.0000   -1.0000
    0.7300   -1.0000   -1.0000
    0.7350   -1.0000   -1.0000
    0.7400   -1.0000   -1.0000
    0.7450   -1.0000   -1.0000
    0.7500   -1.0000   -1.0000
    0.7550   -1.0000   -1.0000
    0.7600   -1.0000   -1.0000
    0.7650   -1.0000   -1.0000
    0.7700   -1.0000   -1.0000
    0.7750   -1.0000   -1.0000
    0.7800   -1.0000   -1.0000
    0.7850   -1.0000   -1.0000
    0.7900   -1.0000   -1.0000
    0.7950   -1.0000   -1.0000
    0.8000    1.1519    1.1520
    0.8050    1.2054    1.2054
    0.8100    1.1692    1.1692
    0.8150    1.1336    1.1336
    0.8200    1.1543    1.1543
    0.8250    1.0616    1.0616
    0.8300    1.0767    1.0767
    0.8350    1.0738    1.0738
    0.8400    1.0771    1.0772
    0.8450    1.0486    1.0486
    0.8500    1.1240    1.1240
    0.8550    0.9842    0.9842
    0.8600    1.0935    1.0935
    0.8650    1.0513    1.0513
    0.8700    1.1094    1.1094
    0.8750    1.1062    1.1062
    0.8800    0.9935    0.9935
    0.8850    1.0611    1.0611
    0.8900    1.0864    1.0864
    0.8950    1.0991    1.0991
    0.9000    1.0538    1.0538
    0.9050    1.0508    1.0508
    0.9100    1.0591    1.0591
    0.9150    1.1009    1.1009
    0.9200    1.0727    1.0727
    0.9250    1.0285    1.0285
    0.9300    1.0256    1.0256
    0.9350    1.0097    1.0097
    0.9400    1.0349    1.0349
    0.9450    1.0081    1.0081
    0.9500    1.0982    1.0982
    0.9550    1.0879    1.0879
    0.9600    1.1025    1.1025
    0.9650    1.1321    1.1321
    0.9700    1.0799    1.0799
    0.9750    1.0461    1.0462
    0.9800    0.9730    0.9730
    0.9850    1.0642    1.0642
    0.9900    1.1137    1.1137
    0.9950    1.0704    1.0704
    1.0000    1.0175    1.0175
    1.0050    0.9608    0.9608
    1.0100    1.1404    1.1404
    1.0150    1.1248    1.1248
    1.0200    1.0639    1.0639
    1.0250    1.1226    1.1226
    1.0300    1.0197    1.0197
    1.0350    1.0644    1.0644
    1.0400    1.1077    1.1077
    1.0450    1.1148    1.1148
    1.0500    1.0858    1.0858
    1.0550    1.1490    1.1490
    1.0600    1.1248    1.1248
    1.0650    1.0830    1.0830
    1.0700    1.1844    1.1844
    1.0750    1.0307    1.0307
    1.0800    1.0940    1.0940
    1.0850    1.0846    1.0846
    1.0900    1.0928    1.0928
    1.0950    1.0761    1.0761
    1.1000    0.9987    0.9987
    1.1050    1.0880    1.0880
    1.1100    1.1470    1.1470
    1.1150    1.0338    1.0339
    1.1200    1.1456    1.1456
    1.1250    1.1421    1.1421
    1.1300    1.0229    1.0229
    1.1350    1.1606    1.1606
    1.1400    1.1390    1.1390
    1.1450    1.0938    1.0938
    1.1500    0.9936    0.9936
    1.1550    1.1525    1.1525
    1.1600    1.0585    1.0585
    1.1650    1.0715    1.0715
    1.1700    1.0646    1.0646
    1.1750    1.0297    1.0297
    1.1800    1.1136    1.1136
    1.1850    1.1184    1.1184
    1.1900    1.0991    1.0991
    1.1950    0.9585    0.9585
    1.2000    1.1072    1.1072
    1.2050    1.0848    1.0848
    1.2100    1.1614    1.1614
    1.2150    1.2448    1.2448
    1.2200    1.1951    1.1951
    1.2250    1.1162    1.1162
    1.2300    1.0877    1.0877
    1.2350    1.1939    1.1939
    1.2400    1.1315    1.1315
    1.2450    1.0039    1.0039
    1.2500    1.1600    1.1600
    1.2550    1.2457    1.2457
    1.2600    0.7963    0.7963
    1.2650    1.2675    1.2675
    1.2700    0.9331    0.9331
    1.2750    0.8591    0.8591
    1.2800    1.0110    1.0110
    1.2850    1.1736    1.1736
    1.2900    1.0863    1.0863
    1.2950    1.1523    1.1523
    1.3000    1.0000    1.0000
    1.3050    1.1124    1.1124
    1.3100    1.1177    1.1177
    1.3150    1.0874    1.0874
    1.3200    1.0834    1.0834
    1.3250    0.9796    0.9796
    1.3300    1.0231    1.0231
    1.3350    1.0779    1.0779
    1.3400    1.0818    1.0818
    1.3450    1.1111    1.1111
    1.3500    1.2098    1.2098
    1.3550   -1.0000   -1.0000
    1.3600   -1.0000   -1.0000
    1.3650   -1.0000   -1.0000
    1.3700   -1.0000   -1.0000
    1.3750   -1.0000   -1.0000
    1.3800   -1.0000   -1.0000
    1.3850   -1.0000   -1.0000
    1.3900   -1.0000   -1.0000
    1.3950   -1.0000   -1.0000
    1.4000   -1.0000   -1.0000
    1.4050   -1.0000   -1.0000
    1.4100    1.2257    1.2258
    1.4150   -1.0000   -1.0000
    1.4200    1.1452    1.1452
    1.4250    0.9563    0.9563
    1.4300    0.9703    0.9703
    1.4350    0.9970    0.9970
    1.4400   -1.0000   -1.0000
    1.4450    0.9081    0.9081
    1.4500    1.0601    1.0601
    1.4550    1.1933    1.1933
    1.4600    1.2242    1.2243
    1.4650    1.1316    1.1316
    1.4700    1.0038    1.0038
    1.4750    1.0506    1.0506
    1.4800    1.1824    1.1825
    1.4850    1.4005    1.4005
    1.4900    1.3887    1.3887
    1.4950    1.3566    1.3566
    1.5000    1.0827    1.0827
    1.5050    1.1573    1.1573
    1.5100   -1.0000   -1.0000
    1.5150    1.3988    1.3988
    1.5200    1.3543    1.3543
    1.5250    1.0849    1.0849
    1.5300    0.9433    0.9433
    1.5350    1.0133    1.0133
    1.5400    1.4725    1.4725
    1.5450    1.3253    1.3253
    1.5500    1.2054    1.2054
    1.5550    1.1232    1.1232
    1.5600    1.1115    1.1115
    1.5650    1.1335    1.1335
    1.5700    1.0231    1.0231
    1.5750    1.0443    1.0443
    1.5800    1.4801    1.4801
    1.5850    0.9195    0.9195
    1.5900    0.7648    0.7648
    1.5950    0.9828    0.9828
    1.6000    0.8624    0.8624
    1.6050    0.9651    0.9651
    1.6100    1.2566    1.2566
    1.6150    1.0649    1.0649
    1.6200    0.8402    0.8402
    1.6250    0.9057    0.9057
    1.6300    1.2272    1.2272
    1.6350    1.1815    1.1815
    1.6400    1.1374    1.1374
    1.6450    0.8616    0.8617
    1.6500    1.1487    1.1487
    1.6550    1.1728    1.1728
    1.6600    0.9728    0.9728
    1.6650    1.1212    1.1212
    1.6700    1.2560    1.2560
    1.6750    0.8204    0.8204
    1.6800    0.9292    0.9292
    1.6850    1.0905    1.0905
    1.6900    1.3412    1.3412
    1.6950    1.1727    1.1727
    1.7000    1.2152    1.2152
    1.7050    1.3338    1.3338
    1.7100    1.0342    1.0342
    1.7150    0.8512    0.8512
    1.7200    1.0989    1.0989
    1.7250    1.2488    1.2488
    1.7300    0.7797    0.7797
    1.7350    0.9292    0.9292
    1.7400    1.1447    1.1448
    1.7450    1.3327    1.3327
    1.7500    1.0260    1.0260
    1.7550    1.0751    1.0751
    1.7600    1.3462    1.3462
    1.7650    0.7946    0.7946
    1.7700    0.9948    0.9948
    1.7750    1.0367    1.0367
    1.7800    1.1305    1.1305
    1.7850    1.0025    1.0025
    1.7900   -1.0000   -1.0000
    1.7950   -1.0000   -1.0000
    1.8000    1.1004    1.1004
    1.8050    1.0789    1.0789
    1.8100   -1.0000   -1.0000
    1.8150   -1.0000   -1.0000
    1.8200   -1.0000   -1.0000
    1.8250   -1.0000   -1.0000
    1.8300   -1.0000   -1.0000
    1.8350   -1.0000   -1.0000
    1.8400   -1.0000   -1.0000
    1.8450   -1.0000   -1.0000
    1.8500   -1.0000   -1.0000
    1.8550   -1.0000   -1.0000
    1.8600   -1.0000   -1.0000
    1.8650   -1.0000   -1.0000
    1.8700   -1.0000   -1.0000
    1.8750   -1.0000   -1.0000
    1.8800   -1.0000   -1.0000
    1.8850   -1.0000   -1.0000
    1.8900   -1.0000   -1.0000
    1.8950   -1.0000   -1.0000
    1.9000   -1.0000   -1.0000
    1.9050   -1.0000   -1.0000
    1.9100   -1.0000   -1.0000
    1.9150   -1.0000   -1.0000
    1.9200   -1.0000   -1.0000
    1.9250   -1.0000   -1.0000
    1.9300   -1.0000   -1.0000
    1.9350   -1.0000   -1.0000
    1.9400   -1.0000   -1.0000
    1.9450   -1.0000   -1.0000
    1.9500   -1.0000   -1.0000
    1.9550   -1.0000   -1.0000
    1.9600   -1.0000   -1.0000
    1.9650   -1.0000   -1.0000
    1.9700   -1.0000   -1.0000
    1.9750   -1.0000   -1.0000
    1.9800    0.8748    0.8748
    1.9850    1.0687    1.0687
    1.9900    1.0559    1.0559
    1.9950    0.8281    0.8281
    2.0000    0.8554    0.8555
    2.0050    0.8527    0.8527
    2.0100   -1.0000   -1.0000
    2.0150    0.9758    0.9759
    2.0200   -1.0000   -1.0000
    2.0250    1.1247    1.1247
    2.0300   -1.0000   -1.0000
    2.0350    0.9551    0.9551
    2.0400    1.1348    1.1348
    2.0450    0.9154    0.9154
    2.0500    0.8042    0.8042
    2.0550    1.0678    1.0678
    2.0600    1.0949    1.0949
    2.0650    1.0483    1.0483
    2.0700    0.9136    0.9136
    2.0750    0.7886    0.7886
    2.0800    1.1954    1.1954
    2.0850    0.9614    0.9614
    2.0900    0.9776    0.9776
    2.0950    0.9755    0.9755
    2.1000    0.8446    0.8446
    2.1050    1.0870    1.0870
    2.1100    0.9700    0.9701
    2.1150    1.1380    1.1380
    2.1200    0.9560    0.9560
    2.1250    0.7996    0.7997
    2.1300    0.9516    0.9516
    2.1350    1.1262    1.1262
    2.1400    1.0417    1.0417
    2.1450    1.1309    1.1309
    2.1500    0.8285    0.8285
    2.1550    1.1887    1.1887
    2.1600    1.1065    1.1065
    2.1650    1.2268    1.2268
    2.1700    1.0942    1.0942
    2.1750    0.7551    0.7552
    2.1800    0.6492    0.6492
    2.1850   -1.0000   -1.0000
    2.1900    0.8092    0.8092
    2.1950   -1.0000   -1.0000
    2.2000   -1.0000   -1.0000
    2.2050   -1.0000   -1.0000
    2.2100   -1.0000   -1.0000
    2.2150   -1.0000   -1.0000
    2.2200   -1.0000   -1.0000
    2.2250   -1.0000   -1.0000
    2.2300   -1.0000   -1.0000
    2.2350   -1.0000   -1.0000
    2.2400   -1.0000   -1.0000
    2.2450   -1.0000   -1.0000
    2.2500   -1.0000   -1.0000
    2.2550   -1.0000   -1.0000
    2.2600   -1.0000   -1.0000
    2.2650   -1.0000   -1.0000
    2.2700   -1.0000   -1.0000
    2.2750   -1.0000   -1.0000
    2.2800   -1.0000   -1.0000
    2.2850   -1.0000   -1.0000
    2.2900   -1.0000   -1.0000
    2.2950   -1.0000   -1.0000
    2.3000   -1.0000   -1.0000
    2.3050   -1.0000   -1.0000
    2.3100   -1.0000   -1.0000
    2.3150   -1.0000   -1.0000
    2.3200   -1.0000   -1.0000
    2.3250   -1.0000   -1.0000
    2.3300   -1.0000   -1.0000
    2.3350   -1.0000   -1.0000
    2.3400   -1.0000   -1.0000
    2.3450   -1.0000   -1.0000
    2.3500   -1.0000   -1.0000
    2.3550   -1.0000   -1.0000
    2.3600   -1.0000   -1.0000
    2.3650   -1.0000   -1.0000
    2.3700   -1.0000   -1.0000
    2.3750   -1.0000   -1.0000
    2.3800   -1.0000   -1.0000
    2.3850   -1.0000   -1.0000
    2.3900   -1.0000   -1.0000
    2.3950   -1.0000   -1.0000
    2.4000   -1.0000   -1.0000
    2.4050   -1.0000   -1.0000
    2.4100   -1.0000   -1.0000
    2.4150   -1.0000   -1.0000
    2.4200   -1.0000   -1.0000
    2.4250   -1.0000   -1.0000
    2.4300   -1.0000   -1.0000
    2.4350   -1.0000   -1.0000
    2.4400   -1.0000   -1.0000
    2.4450   -1.0000   -1.0000
    2.4500   -1.0000   -1.0000
    2.4550   -1.0000   -1.0000
    2.4600   -1.0000   -1.0000
    2.4650   -1.0000   -1.0000
    2.4700   -1.0000   -1.0000
    2.4750   -1.0000   -1.0000
    2.4800   -1.0000   -1.0000
    2.4850   -1.0000   -1.0000
    2.4900   -1.0000   -1.0000
