    0.6500   -1.0000   -1.0000
    0.6550   -1.0000   -1.0000
    0.6600   -1.0000   -1.0000
    0.6650   -1.0000   -1.0000
    0.6700   -1.0000   -1.0000
    0.6750   -1.0000   -1.0000
    0.6800   -1.0000   -1.0000
    0.6850   -1.0000   -1.0000
    0.6900   -1.0000   -1.0000
    0.6950   -1.0000   -1.0000
    0.7000   -1.0000   -1.0000
    0.7050   -1.0000   -1.0000
    0.7100   -1.0000   -1.0000
    0.7150   -1.0000   -1.0000
    0.7200   -1.0000   -1.0000
    0.7250   -1.0000   -1.0000
    0.7300   -1.0000   -1.0000
    0.7350   -1.0000   -1.0000
    0.7400   -1.0000   -1.0000
    0.7450   -1.0000   -1.0000
    0.7500   -1.0000   -1.0000
    0.7550   -1.0000   -1.0000
    0.7600   -1.0000   -1.0000
    0.7650   -1.0000   -1.0000
    0.7700   -1.0000   -1.0000
    0.7750   -1.0000   -1.0000
    0.7800   -1.0000   -1.0000
    0.7850   -1.0000   -1.0000
    0.7900   -1.0000   -1.0000
    0.7950   -1.0000   -1.0000
    0.8000    1.0373    1.0373
    0.8050    1.0795    1.0796
    0.8100    1.0389    1.0389
    0.8150    1.0829    1.0829
    0.8200    1.0836    1.0836
    0.8250    1.0688    1.0688
    0.8300    1.0611    1.0611
    0.8350    1.0103    1.0103
    0.8400    1.0646    1.0646
    0.8450    1.0168    1.0168
    0.8500    1.0186    1.0186
    0.8550    1.0156    1.0156
    0.8600    0.9821    0.9821
    0.8650    0.9878    0.9878
    0.8700    0.9976    0.9976
    0.8750    0.9718    0.9718
    0.8800    0.9746    0.9746
    0.8850    0.9998    0.9998
    0.8900    1.0541    1.0541
    0.8950    1.0151    1.0151
    0.9000    1.0196    1.0196
    0.9050    0.9876    0.9876
    0.9100    1.0175    1.0175
    0.9150    0.9957    0.9957
    0.9200    0.9930    0.9930
    0.9250    0.9907    0.9907
    0.9300    0.9820    0.9820
    0.9350    0.9548    0.9548
    0.9400    0.9362    0.9363
    0.9450    0.9376    0.9376
    0.9500    0.9610    0.9610
    0.9550    0.9754    0.9754
    0.9600    0.9437    0.9437
    0.9650    0.9706    0.9706
    0.9700    0.9679    0.9679
    0.9750    0.9744    0.9744
    0.9800    0.9819    0.9819
    0.9850    0.9281    0.9281
    0.9900    0.9669    0.9669
    0.9950    0.9431    0.9431
    1.0000    0.9706    0.9706
    1.0050    0.9509    0.9509
    1.0100    0.9455    0.9455
    1.0150    0.9547    0.9547
    1.0200    0.9721    0.9721
    1.0250    1.0142    1.0142
    1.0300    0.9592    0.9592
    1.0350    1.0126    1.0126
    1.0400    0.9838    0.9838
    1.0450    0.9676    0.9676
    1.0500    1.0416    1.0416
    1.0550    0.9580    0.9580
    1.0600    0.9830    0.9830
    1.0650    0.9658    0.9658
    1.0700    0.9622    0.9622
    1.0750    0.9564    0.9564
    1.0800    0.9733    0.9733
    1.0850    0.9515    0.9515
    1.0900    0.9480    0.9480
    1.0950    1.0128    1.0128
    1.1000    1.0965    1.0965
    1.1050    0.9310    0.9310
    1.1100    1.0032    1.0032
    1.1150    0.9710    0.9710
    1.1200    0.9763    0.9763
    1.1250    0.9698    0.9698
    1.1300    0.9112    0.9112
    1.1350    1.0121    1.0121
    1.1400    0.9952    0.9952
    1.1450    0.9912    0.9912
    1.1500    1.0094    1.0094
    1.1550    0.9592    0.9592
    1.1600    0.9404    0.9404
    1.1650    0.9792    0.9792
    1.1700    0.9569    0.9569
    1.1750    1.0126    1.0126
    1.1800    0.9678    0.9678
    1.1850    0.9858    0.9858
    1.1900    0.9687    0.9687
    1.1950    1.0245    1.0245
    1.2000    1.0050    1.0050
    1.2050    1.0021    1.0021
    1.2100    0.9392    0.9392
    1.2150    0.9950    0.9950
    1.2200    0.9807    0.9807
    1.2250    1.0030    1.0030
    1.2300    0.9721    0.9721
    1.2350    0.9925    0.9926
    1.2400    0.9727    0.9727
    1.2450    0.9953    0.9953
    1.2500    0.9960    0.9960
    1.2550    0.9919    0.9919
    1.2600    0.9874    0.9874
    1.2650    0.9510    0.9510
    1.2700    1.0353    1.0353
    1.2750    1.0079    1.0079
    1.2800    1.0198    1.0198
    1.2850    1.0273    1.0273
    1.2900    0.9869    0.9869
    1.2950    1.0361    1.0361
    1.3000    1.0000    1.0000
    1.3050    1.0204    1.0204
    1.3100    0.9690    0.9690
    1.3150    0.9569    0.9569
    1.3200    0.9663    0.9663
    1.3250    1.0113    1.0113
    1.3300    1.0153    1.0153
    1.3350    0.9695    0.9695
    1.3400    1.0159    1.0159
    1.3450    1.0253    1.0254
    1.3500    1.1019    1.1019
    1.3550   -1.0000   -1.0000
    1.3600   -1.0000   -1.0000
    1.3650    1.0811    1.0817
    1.3700    1.0360    1.0372
    1.3750   -1.0000   -1.0000
    1.3800    1.0060    1.0064
    1.3850   -1.0000   -1.0000
    1.3900    1.0703    1.0705
    1.3950    1.0507    1.0508
    1.4000    1.0810    1.0811
    1.4050   -1.0000   -1.0000
    1.4100    1.0525    1.0526
    1.4150   -1.0000   -1.0000
    1.4200    1.1547    1.1547
    1.4250    1.0038    1.0038
    1.4300    1.0858    1.0858
    1.4350    0.9906    0.9906
    1.4400    0.9486    0.9486
    1.4450    1.0731    1.0731
    1.4500    0.9011    0.9011
    1.4550    0.9066    0.9066
    1.4600    1.0588    1.0589
    1.4650    1.0138    1.0138
    1.4700    0.9769    0.9769
    1.4750    0.9612    0.9612
    1.4800    1.0783    1.0783
    1.4850    1.0300    1.0300
    1.4900    1.0447    1.0447
    1.4950    1.1082    1.1082
    1.5000    1.0619    1.0619
    1.5050    1.1228    1.1228
    1.5100    0.9718    0.9718
    1.5150    0.9774    0.9774
    1.5200    1.0360    1.0360
    1.5250    1.0846    1.0846
    1.5300    1.0485    1.0485
    1.5350    0.9882    0.9882
    1.5400    1.0862    1.0862
    1.5450    1.1340    1.1340
    1.5500    1.0826    1.0826
    1.5550    1.0933    1.0933
    1.5600    1.0979    1.0979
    1.5650    1.0522    1.0522
    1.5700    1.1272    1.1272
    1.5750    1.1049    1.1049
    1.5800    1.0054    1.0054
    1.5850    1.0783    1.0783
    1.5900    1.0509    1.0509
    1.5950    1.0905    1.0905
    1.6000    1.0714    1.0714
    1.6050    1.0696    1.0696
    1.6100    1.0869    1.0869
    1.6150    1.1038    1.1038
    1.6200    1.0381    1.0381
    1.6250    0.9609    0.9609
    1.6300    1.0852    1.0852
    1.6350    0.9681    0.9681
    1.6400    0.9615    0.9615
    1.6450    1.0503    1.0503
    1.6500    0.9939    0.9939
    1.6550    0.9793    0.9793
    1.6600    0.9836    0.9836
    1.6650    1.0039    1.0039
    1.6700    1.0537    1.0537
    1.6750    0.9521    0.9522
    1.6800    1.0274    1.0274
    1.6850    1.0297    1.0297
    1.6900    0.9802    0.9802
    1.6950    1.0126    1.0126
    1.7000    0.9748    0.9748
    1.7050    0.9173    0.9173
    1.7100    1.0977    1.0977
    1.7150    1.0541    1.0541
    1.7200    1.0500    1.0500
    1.7250    1.0418    1.0418
    1.7300    1.0250    1.0250
    1.7350    0.9963    0.9963
    1.7400    1.0501    1.0501
    1.7450    1.0610    1.0610
    1.7500    0.9942    0.9942
    1.7550    0.9865    0.9865
    1.7600    1.0477    1.0477
    1.7650    1.0622    1.0622
    1.7700    1.0408    1.0408
    1.7750    0.9991    0.9991
    1.7800    1.0242    1.0242
    1.7850    0.9628    0.9628
    1.7900    1.0315    1.0315
    1.7950    1.1090    1.1091
    1.8000    1.0567    1.0567
    1.8050    0.9386    0.9386
    1.8100    1.0245    1.0246
    1.8150    0.9795    0.9795
    1.8200    0.9302    0.9303
    1.8250   -1.0000   -1.0000
    1.8300   -1.0000   -1.0000
    1.8350   -1.0000   -1.0000
    1.8400   -1.0000   -1.0000
    1.8450   -1.0000   -1.0000
    1.8500   -1.0000   -1.0000
    1.8550   -1.0000   -1.0000
    1.8600   -1.0000   -1.0000
    1.8650   -1.0000   -1.0000
    1.8700   -1.0000   -1.0000
    1.8750   -1.0000   -1.0000
    1.8800   -1.0000   -1.0000
    1.8850   -1.0000   -1.0000
    1.8900   -1.0000   -1.0000
    1.8950   -1.0000   -1.0000
    1.9000   -1.0000   -1.0000
    1.9050   -1.0000   -1.0000
    1.9100   -1.0000   -1.0000
    1.9150   -1.0000   -1.0000
    1.9200   -1.0000   -1.0000
    1.9250   -1.0000   -1.0000
    1.9300   -1.0000   -1.0000
    1.9350   -1.0000   -1.0000
    1.9400   -1.0000   -1.0000
    1.9450   -1.0000   -1.0000
    1.9500   -1.0000   -1.0000
    1.9550   -1.0000   -1.0000
    1.9600   -1.0000   -1.0000
    1.9650   -1.0000   -1.0000
    1.9700   -1.0000   -1.0000
    1.9750   -1.0000   -1.0000
    1.9800   -1.0000   -1.0000
    1.9850    1.0477    1.0477
    1.9900    1.1329    1.1329
    1.9950    1.0152    1.0152
    2.0000    1.0484    1.0484
    2.0050    0.9968    0.9968
    2.0100    1.0726    1.0727
    2.0150    1.1650    1.1650
    2.0200    1.0154    1.0154
    2.0250    1.1422    1.1422
    2.0300    1.2694    1.2694
    2.0350    1.0270    1.0270
    2.0400    1.0550    1.0550
    2.0450    1.1238    1.1238
    2.0500    1.0733    1.0733
    2.0550    0.9828    0.9829
    2.0600    1.0060    1.0060
    2.0650    1.1698    1.1698
    2.0700    1.0631    1.0631
    2.0750    1.0709    1.0709
    2.0800    1.0947    1.0947
    2.0850    1.0672    1.0673
    2.0900    1.0262    1.0262
    2.0950    1.0504    1.0504
    2.1000    1.0656    1.0656
    2.1050    0.9914    0.9914
    2.1100    1.0400    1.0400
    2.1150    1.0246    1.0246
    2.1200    1.0994    1.0994
    2.1250    1.1012    1.1012
    2.1300    1.0171    1.0171
    2.1350    1.0244    1.0245
    2.1400    1.1178    1.1178
    2.1450    1.0447    1.0447
    2.1500    1.0935    1.0935
    2.1550    1.0826    1.0826
    2.1600    1.0917    1.0917
    2.1650    0.9725    0.9725
    2.1700    0.9890    0.9890
    2.1750    0.9813    0.9813
    2.1800    1.0320    1.0320
    2.1850    1.0851    1.0851
    2.1900    1.0102    1.0102
    2.1950    1.0226    1.0226
    2.2000    1.0490    1.0490
    2.2050    1.0638    1.0638
    2.2100    1.1076    1.1076
    2.2150    1.1006    1.1006
    2.2200    0.9192    0.9193
    2.2250    1.0689    1.0689
    2.2300    1.0486    1.0486
    2.2350    0.9802    0.9803
    2.2400    1.0623    1.0623
    2.2450    1.0795    1.0795
    2.2500    0.9973    0.9973
    2.2550    0.9474    0.9474
    2.2600    0.9846    0.9846
    2.2650    0.9901    0.9901
    2.2700    0.9688    0.9688
    2.2750    1.0686    1.0686
    2.2800    1.0605    1.0605
    2.2850    0.9672    0.9672
    2.2900    0.9202    0.9202
    2.2950    1.0435    1.0435
    2.3000    1.1167    1.1167
    2.3050    1.0750    1.0750
    2.3100    1.0154    1.0154
    2.3150    1.1412    1.1412
    2.3200    1.0718    1.0718
    2.3250    1.0398    1.0398
    2.3300    1.1371    1.1371
    2.3350    1.0904    1.0905
    2.3400    1.0311    1.0312
    2.3450    1.1210    1.1210
    2.3500    1.0735    1.0736
    2.3550    1.0538    1.0538
    2.3600    1.2096    1.2096
    2.3650    1.0801    1.0801
    2.3700    1.1859    1.1859
    2.3750   -1.0000   -1.0000
    2.3800   -1.0000   -1.0000
    2.3850   -1.0000   -1.0000
    2.3900   -1.0000   -1.0000
    2.3950   -1.0000   -1.0000
    2.4000   -1.0000   -1.0000
    2.4050   -1.0000   -1.0000
    2.4100   -1.0000   -1.0000
    2.4150   -1.0000   -1.0000
    2.4200   -1.0000   -1.0000
    2.4250   -1.0000   -1.0000
    2.4300   -1.0000   -1.0000
    2.4350   -1.0000   -1.0000
    2.4400   -1.0000   -1.0000
    2.4450   -1.0000   -1.0000
    2.4500   -1.0000   -1.0000
    2.4550   -1.0000   -1.0000
    2.4600   -1.0000   -1.0000
    2.4650   -1.0000   -1.0000
    2.4700   -1.0000   -1.0000
    2.4750   -1.0000   -1.0000
    2.4800   -1.0000   -1.0000
    2.4850   -1.0000   -1.0000
    2.4900   -1.0000   -1.0000
