    0.6500   -1.0000   -1.0000
    0.6550   -1.0000   -1.0000
    0.6600   -1.0000   -1.0000
    0.6650   -1.0000   -1.0000
    0.6700   -1.0000   -1.0000
    0.6750   -1.0000   -1.0000
    0.6800   -1.0000   -1.0000
    0.6850   -1.0000   -1.0000
    0.6900   -1.0000   -1.0000
    0.6950   -1.0000   -1.0000
    0.7000   -1.0000   -1.0000
    0.7050   -1.0000   -1.0000
    0.7100   -1.0000   -1.0000
    0.7150   -1.0000   -1.0000
    0.7200   -1.0000   -1.0000
    0.7250   -1.0000   -1.0000
    0.7300   -1.0000   -1.0000
    0.7350   -1.0000   -1.0000
    0.7400   -1.0000   -1.0000
    0.7450   -1.0000   -1.0000
    0.7500   -1.0000   -1.0000
    0.7550   -1.0000   -1.0000
    0.7600   -1.0000   -1.0000
    0.7650   -1.0000   -1.0000
    0.7700   -1.0000   -1.0000
    0.7750   -1.0000   -1.0000
    0.7800   -1.0000   -1.0000
    0.7850   -1.0000   -1.0000
    0.7900   -1.0000   -1.0000
    0.7950    0.8345    0.8345
    0.8000    0.9326    0.9326
    0.8050    0.8777    0.8777
    0.8100    0.9416    0.9416
    0.8150    0.8186    0.8186
    0.8200    0.9191    0.9191
    0.8250    0.8619    0.8619
    0.8300    0.9200    0.9200
    0.8350    0.9508    0.9508
    0.8400    0.9644    0.9644
    0.8450    0.8572    0.8572
    0.8500    0.9386    0.9386
    0.8550    0.9862    0.9863
    0.8600    0.9702    0.9702
    0.8650    0.9423    0.9423
    0.8700    0.9282    0.9282
    0.8750    0.9112    0.9112
    0.8800    0.9377    0.9377
    0.8850    0.9741    0.9741
    0.8900    0.9593    0.9593
    0.8950    0.9510    0.9510
    0.9000    0.9442    0.9442
    0.9050    0.9834    0.9834
    0.9100    1.0244    1.0244
    0.9150    0.9506    0.9507
    0.9200    0.9642    0.9642
    0.9250    0.9589    0.9589
    0.9300    0.9666    0.9666
    0.9350    1.0055    1.0056
    0.9400    1.0246    1.0246
    0.9450    0.9924    0.9924
    0.9500    0.9508    0.9508
    0.9550    0.9433    0.9434
    0.9600    0.9415    0.9415
    0.9650    0.9663    0.9663
    0.9700    0.9201    0.9201
    0.9750    0.9321    0.9321
    0.9800    0.9641    0.9641
    0.9850    0.9990    0.9990
    0.9900    1.0457    1.0457
    0.9950    1.0134    1.0134
    1.0000    1.0111    1.0111
    1.0050    0.9660    0.9660
    1.0100    0.9900    0.9900
    1.0150    1.0047    1.0047
    1.0200    1.0540    1.0540
    1.0250    0.9970    0.9970
    1.0300    1.0060    1.0060
    1.0350    1.0118    1.0118
    1.0400    0.9870    0.9870
    1.0450    1.0144    1.0144
    1.0500    1.0471    1.0471
    1.0550    1.0543    1.0543
    1.0600    1.0279    1.0279
    1.0650    1.0074    1.0074
    1.0700    0.9985    0.9986
    1.0750    1.0114    1.0114
    1.0800    1.0776    1.0776
    1.0850    1.0410    1.0410
    1.0900    0.9006    0.9006
    1.0950    1.0688    1.0688
    1.1000    1.0509    1.0509
    1.1050    1.0256    1.0256
    1.1100    1.0079    1.0079
    1.1150    0.9875    0.9875
    1.1200    1.0266    1.0266
    1.1250    1.0364    1.0364
    1.1300    1.0919    1.0919
    1.1350    1.0435    1.0435
    1.1400    1.0283    1.0283
    1.1450    1.0669    1.0669
    1.1500    1.0100    1.0100
    1.1550    0.9795    0.9795
    1.1600    1.0088    1.0089
    1.1650    0.9894    0.9894
    1.1700    1.0372    1.0372
    1.1750    1.0219    1.0219
    1.1800    1.0159    1.0159
    1.1850    0.9896    0.9896
    1.1900    0.9926    0.9926
    1.1950    1.0849    1.0849
    1.2000    1.0750    1.0750
    1.2050    1.0387    1.0387
    1.2100    0.9582    0.9582
    1.2150    1.0676    1.0676
    1.2200    1.0400    1.0400
    1.2250    1.0810    1.0810
    1.2300    1.0768    1.0768
    1.2350    1.0833    1.0833
    1.2400    1.0491    1.0491
    1.2450    1.0725    1.0725
    1.2500    1.0438    1.0438
    1.2550    0.9652    0.9652
    1.2600    1.0515    1.0515
    1.2650    1.0371    1.0371
    1.2700    1.0746    1.0746
    1.2750    1.0971    1.0971
    1.2800    1.0296    1.0296
    1.2850    1.0490    1.0490
    1.2900    1.0882    1.0882
    1.2950    1.0512    1.0512
    1.3000    1.0000    1.0000
    1.3050    1.2687    1.2687
    1.3100    1.1233    1.1233
    1.3150    1.0460    1.0460
    1.3200    1.1393    1.1393
    1.3250    1.0745    1.0745
    1.3300    1.1222    1.1222
    1.3350    1.0644    1.0644
    1.3400    1.1212    1.1212
    1.3450    1.0873    1.0873
    1.3500    1.0813    1.0813
    1.3550    1.0836    1.0836
    1.3600    0.9133    0.9133
    1.3650   -1.0000   -1.0000
    1.3700   -1.0000   -1.0000
    1.3750   -1.0000   -1.0000
    1.3800   -1.0000   -1.0000
    1.3850   -1.0000   -1.0000
    1.3900   -1.0000   -1.0000
    1.3950    0.9968    0.9970
    1.4000    0.8181    0.8181
    1.4050    0.9254    0.9254
    1.4100    1.3194    1.3195
    1.4150    0.7869    0.7869
    1.4200    1.0078    1.0078
    1.4250    0.9998    0.9998
    1.4300    1.0939    1.0939
    1.4350    1.0347    1.0347
    1.4400    1.0499    1.0499
    1.4450    0.9256    0.9256
    1.4500    0.9685    0.9685
    1.4550    1.1008    1.1008
    1.4600    1.0907    1.0907
    1.4650    1.0962    1.0962
    1.4700    1.0432    1.0432
    1.4750    1.1087    1.1087
    1.4800    1.1740    1.1740
    1.4850    1.1612    1.1612
    1.4900    1.0625    1.0625
    1.4950    1.2095    1.2095
    1.5000    1.1125    1.1125
    1.5050    1.0100    1.0100
    1.5100    1.1432    1.1432
    1.5150    1.1051    1.1051
    1.5200    1.0256    1.0256
    1.5250    1.0747    1.0747
    1.5300    1.0753    1.0753
    1.5350    1.1190    1.1190
    1.5400    1.0515    1.0515
    1.5450    1.0826    1.0826
    1.5500    1.0430    1.0430
    1.5550    1.1016    1.1016
    1.5600    1.0847    1.0847
    1.5650    1.1929    1.1929
    1.5700    1.1257    1.1257
    1.5750    1.0178    1.0178
    1.5800    1.0818    1.0818
    1.5850    1.1420    1.1420
    1.5900    1.1240    1.1240
    1.5950    0.9463    0.9463
    1.6000    1.0820    1.0820
    1.6050    1.0675    1.0676
    1.6100    0.9678    0.9678
    1.6150    0.9341    0.9341
    1.6200    0.9146    0.9146
    1.6250    0.9419    0.9419
    1.6300    1.0924    1.0924
    1.6350    1.0246    1.0246
    1.6400    1.1300    1.1300
    1.6450    0.9200    0.9200
    1.6500    1.0914    1.0914
    1.6550    1.0319    1.0320
    1.6600    0.9758    0.9758
    1.6650    1.1889    1.1889
    1.6700    0.9751    0.9752
    1.6750    1.0287    1.0287
    1.6800    1.0035    1.0035
    1.6850    1.1301    1.1301
    1.6900    1.0929    1.0929
    1.6950    1.0552    1.0553
    1.7000    1.0797    1.0797
    1.7050    0.9530    0.9531
    1.7100    1.0214    1.0214
    1.7150    1.0447    1.0447
    1.7200    1.1302    1.1302
    1.7250    1.2077    1.2077
    1.7300    1.1101    1.1101
    1.7350    1.0497    1.0497
    1.7400    1.1844    1.1844
    1.7450    1.1246    1.1246
    1.7500    1.0944    1.0944
    1.7550    1.1728    1.1728
    1.7600    1.3311    1.3311
    1.7650    1.0211    1.0211
    1.7700    0.9864    0.9864
    1.7750    0.9914    0.9914
    1.7800    1.1126    1.1126
    1.7850    0.9766    0.9766
    1.7900    1.0438    1.0438
    1.7950    1.0383    1.0383
    1.8000    1.1305    1.1305
    1.8050   -1.0000   -1.0000
    1.8100   -1.0000   -1.0000
    1.8150   -1.0000   -1.0000
    1.8200   -1.0000   -1.0000
    1.8250   -1.0000   -1.0000
    1.8300   -1.0000   -1.0000
    1.8350   -1.0000   -1.0000
    1.8400   -1.0000   -1.0000
    1.8450   -1.0000   -1.0000
    1.8500   -1.0000   -1.0000
    1.8550   -1.0000   -1.0000
    1.8600   -1.0000   -1.0000
    1.8650   -1.0000   -1.0000
    1.8700   -1.0000   -1.0000
    1.8750   -1.0000   -1.0000
    1.8800   -1.0000   -1.0000
    1.8850   -1.0000   -1.0000
    1.8900   -1.0000   -1.0000
    1.8950   -1.0000   -1.0000
    1.9000   -1.0000   -1.0000
    1.9050   -1.0000   -1.0000
    1.9100   -1.0000   -1.0000
    1.9150   -1.0000   -1.0000
    1.9200   -1.0000   -1.0000
    1.9250   -1.0000   -1.0000
    1.9300   -1.0000   -1.0000
    1.9350   -1.0000   -1.0000
    1.9400    1.0131    1.0132
    1.9450    1.1210    1.1211
    1.9500    0.9880    0.9881
    1.9550    1.2862    1.2862
    1.9600    1.1346    1.1346
    1.9650    0.8383    0.8383
    1.9700    0.8567    0.8567
    1.9750    1.0007    1.0007
    1.9800    0.9335    0.9335
    1.9850    1.2097    1.2097
    1.9900    1.1334    1.1334
    1.9950    1.0038    1.0038
    2.0000    1.1227    1.1227
    2.0050    1.0507    1.0507
    2.0100    1.2072    1.2072
    2.0150    1.1311    1.1311
    2.0200    0.9279    0.9279
    2.0250    0.9017    0.9017
    2.0300    1.0567    1.0567
    2.0350    0.8457    0.8457
    2.0400    1.2168    1.2168
    2.0450    1.0615    1.0615
    2.0500    1.0783    1.0783
    2.0550    0.9864    0.9865
    2.0600    0.9317    0.9317
    2.0650    1.1059    1.1059
    2.0700    0.9143    0.9144
    2.0750    1.1891    1.1891
    2.0800    0.9692    0.9692
    2.0850    1.0392    1.0393
    2.0900    0.9109    0.9109
    2.0950    1.0789    1.0789
    2.1000    1.0863    1.0863
    2.1050    0.9566    0.9566
    2.1100    1.0081    1.0081
    2.1150    1.0192    1.0192
    2.1200    0.9798    0.9798
    2.1250    1.0418    1.0418
    2.1300    1.0052    1.0052
    2.1350    1.0602    1.0602
    2.1400    1.0311    1.0311
    2.1450    1.0674    1.0675
    2.1500    0.9208    0.9208
    2.1550    1.0729    1.0729
    2.1600    1.0048    1.0048
    2.1650    0.9300    0.9300
    2.1700    1.0409    1.0409
    2.1750    1.2786    1.2786
    2.1800    1.0540    1.0540
    2.1850    0.9305    0.9305
    2.1900    0.8716    0.8716
    2.1950    0.9803    0.9803
    2.2000    0.9962    0.9962
    2.2050    0.9251    0.9251
    2.2100    0.9578    0.9578
    2.2150    1.0696    1.0696
    2.2200    0.9734    0.9734
    2.2250    1.0487    1.0487
    2.2300    1.1385    1.1385
    2.2350    0.8881    0.8882
    2.2400    0.8638    0.8638
    2.2450    0.9385    0.9385
    2.2500    1.1114    1.1114
    2.2550    1.1862    1.1862
    2.2600    1.1495    1.1496
    2.2650    1.2553    1.2553
    2.2700    1.0047    1.0047
    2.2750    1.1469    1.1469
    2.2800    0.9977    0.9977
    2.2850    0.9631    0.9631
    2.2900    0.8427    0.8427
    2.2950    0.9465    0.9466
    2.3000    1.0171    1.0172
    2.3050    0.9380    0.9381
    2.3100    1.0020    1.0020
    2.3150    0.8532    0.8532
    2.3200    1.0305    1.0305
    2.3250    1.0040    1.0040
    2.3300    0.9613    0.9613
    2.3350    1.0081    1.0081
    2.3400    0.9300    0.9301
    2.3450    0.9277    0.9277
    2.3500    0.8003    0.8004
    2.3550    0.8841    0.8841
    2.3600    0.9191    0.9191
    2.3650    1.0950    1.0950
    2.3700    1.2804    1.2804
    2.3750    1.1250    1.1250
    2.3800    1.3511    1.3512
    2.3850    1.3942    1.3943
    2.3900    0.8183    0.8183
    2.3950    1.2713    1.2713
    2.4000    1.0824    1.0824
    2.4050   -1.0000   -1.0000
    2.4100    1.1192    1.1192
    2.4150    1.2038    1.2038
    2.4200    1.0763    1.0763
    2.4250    1.1212    1.1213
    2.4300    1.3700    1.3701
    2.4350   -1.0000   -1.0000
    2.4400   -1.0000   -1.0000
    2.4450   -1.0000   -1.0000
    2.4500   -1.0000   -1.0000
    2.4550    1.1898    1.1898
    2.4600    1.3703    1.3703
    2.4650    1.1397    1.1398
    2.4700    0.9446    0.9446
    2.4750    1.2301    1.2302
    2.4800   -1.0000   -1.0000
    2.4850   -1.0000   -1.0000
    2.4900   -1.0000   -1.0000
